t	y1	y2	y3
0	1	1	1
0.01	1.01257	1.25992	0.984891
0.02	1.04882	1.524	0.973114
0.03	1.10721	1.79831	0.965159
0.04	1.18687	2.08854	0.961737
0.05	1.28756	2.40015	0.963806
0.06	1.40957	2.73855	0.972608
0.07	1.55369	3.10915	0.989731
0.08	1.72115	3.51757	1.01719
0.09	1.9136	3.96962	1.05751
0.1	2.13311	4.47141	1.1139
0.11	2.38215	5.02941	1.19035
0.12	2.66358	5.65044	1.29189
0.13	2.98067	6.34162	1.42479
0.14	3.33705	7.11033	1.59684
0.15	3.73672	7.96407	1.81776
0.16	4.18401	8.91014	2.0995
0.17	4.68351	9.95533	2.45679
0.18	5.23997	11.1053	2.90756
0.19	5.85813	12.3637	3.47343
0.2	6.54251	13.7311	4.18019
0.21	7.29703	15.2036	5.05802
0.22	8.12455	16.7703	6.14146
0.23	9.02621	18.4116	7.46878
0.24	10.0006	20.0956	9.08053
0.25	11.0428	21.7754	11.0167
0.26	12.1429	23.3861	13.3125
0.27	13.2849	24.843	15.9914
0.28	14.4454	26.0422	19.0573
0.29	15.5922	26.8642	22.4841
0.3	16.6848	27.1835	26.2063
0.31	17.6746	26.8836	30.1121
0.32	18.5081	25.8771	34.0435
0.33	19.1306	24.1273	37.8058
0.34	19.4923	21.666	41.1886
0.35	19.555	18.6007	43.9957
0.36	19.2977	15.1056	46.0775
0.37	18.7202	11.398	47.3557
0.38	17.8438	7.70426	47.834
0.39	16.7082	4.22576	47.5908
0.4	15.3665	1.11376	46.758
0.41	13.8779	-1.54167	45.4933
0.42	12.3018	-3.70914	43.954
0.43	10.6926	-5.40421	42.2781
0.44	9.09626	-6.6737	40.5745
0.45	7.54906	-7.58083	38.9208
0.46	6.07756	-8.19338	37.3664
0.47	4.69941	-8.57591	35.9377
0.48	3.42479	-8.78542	34.6448
0.49	2.25793	-8.86968	33.4865
0.5	1.19856	-8.86714	32.4549
0.51	0.243204	-8.80787	31.5389
0.52	-0.613809	-8.71478	30.7258
0.53	-1.37948	-8.60497	30.0031
0.54	-2.06156	-8.49093	29.3594
0.55	-2.66804	-8.38158	28.7842
0.56	-3.20688	-8.28315	28.2687
0.57	-3.68579	-8.19979	27.8055
0.58	-4.11203	-8.13416	27.3884
0.59	-4.49238	-8.08776	27.0123
0.6	-4.83309	-8.06126	26.6732
0.61	-5.13981	-8.05472	26.368
0.62	-5.41768	-8.06773	26.0942
0.63	-5.67126	-8.09957	25.8499
0.64	-5.90461	-8.14925	25.6338
0.65	-6.1213	-8.2156	25.4449
0.66	-6.32443	-8.29729	25.2824
0.67	-6.51669	-8.39291	25.1459
0.68	-6.70037	-8.5009	25.0351
0.69	-6.87738	-8.61966	24.9498
0.7	-7.0493	-8.74747	24.89
0.71	-7.21738	-8.88256	24.8556
0.72	-7.38261	-9.02307	24.8465
0.73	-7.54566	-9.16706	24.8627
0.74	-7.70699	-9.31251	24.9039
0.75	-7.8668	-9.45734	24.9698
0.76	-8.02506	-9.5994	25.0599
0.77	-8.18156	-9.7365	25.1737
0.78	-8.33588	-9.86639	25.3102
0.79	-8.48744	-9.98686	25.4683
0.8	-8.63549	-10.0957	25.6466
0.81	-8.77916	-10.1907	25.8435
0.82	-8.91745	-10.2698	26.0569
0.83	-9.04926	-10.3312	26.2846
0.84	-9.17345	-10.3731	26.524
0.85	-9.2888	-10.3941	26.7721
0.86	-9.39411	-10.393	27.026
0.87	-9.4882	-10.3691	27.2823
0.88	-9.56992	-10.3218	27.5375
0.89	-9.63824	-10.2512	27.788
0.9	-9.69223	-10.1579	28.0303
0.91	-9.73114	-10.0426	28.261
0.92	-9.75436	-9.90674	28.4765
0.93	-9.76152	-9.75214	28.6739
0.94	-9.75247	-9.58091	28.8503
0.95	-9.72728	-9.39555	29.0032
0.96	-9.68627	-9.19878	29.1307
0.97	-9.63	-8.99352	29.2312
0.98	-9.55927	-8.7828	29.3036
0.99	-9.47508	-8.56965	29.3474
1	-9.37862	-8.35706	29.3624
1.01	-9.27125	-8.14789	29.3491
1.02	-9.15446	-7.9448	29.3083
1.03	-9.02986	-7.75023	29.2411
1.04	-8.8991	-7.56633	29.149
1.05	-8.76387	-7.39498	29.0337
1.06	-8.62588	-7.23771	28.8973
1.07	-8.48679	-7.09578	28.7419
1.08	-8.3482	-6.97014	28.5696
1.09	-8.21167	-6.86145	28.3827
1.1	-8.07862	-6.77015	28.1835
1.11	-7.9504	-6.69643	27.9742
1.12	-7.82822	-6.6403	27.757
1.13	-7.71316	-6.60159	27.5342
1.14	-7.6062	-6.58001	27.3076
1.15	-7.50818	-6.57517	27.0794
1.16	-7.41982	-6.58658	26.8513
1.17	-7.34172	-6.6137	26.6253
1.18	-7.27436	-6.65596	26.403
1.19	-7.21815	-6.71272	26.186
1.2	-7.17336	-6.78335	25.976
1.21	-7.1402	-6.86721	25.7743
1.22	-7.11879	-6.96362	25.5825
1.23	-7.10917	-7.0719	25.4018
1.24	-7.11131	-7.19136	25.2337
1.25	-7.12514	-7.32128	25.0792
1.26	-7.15048	-7.46089	24.9398
1.27	-7.18714	-7.60942	24.8165
1.28	-7.23484	-7.76602	24.7104
1.29	-7.29326	-7.92978	24.6227
1.3	-7.36201	-8.09972	24.5542
1.31	-7.44064	-8.27477	24.506
1.32	-7.52865	-8.45377	24.4789
1.33	-7.62546	-8.63544	24.4736
1.34	-7.73042	-8.81838	24.4908
1.35	-7.8428	-9.0011	24.531
1.36	-7.96179	-9.18193	24.5944
1.37	-8.08651	-9.35914	24.6814
1.38	-8.21598	-9.53083	24.7917
1.39	-8.34911	-9.69503	24.9251
1.4	-8.48476	-9.84968	25.081
1.41	-8.62167	-9.99266	25.2585
1.42	-8.7585	-10.1218	25.4565
1.43	-8.89385	-10.2351	25.6733
1.44	-9.02624	-10.3303	25.9071
1.45	-9.15415	-10.4057	26.1557
1.46	-9.27602	-10.4593	26.4164
1.47	-9.39029	-10.4898	26.6862
1.48	-9.49542	-10.4959	26.962
1.49	-9.58991	-10.4768	27.2403
1.5	-9.67234	-10.432	27.5174
1.51	-9.74143	-10.3616	27.7895
1.52	-9.79602	-10.2661	28.0527
1.53	-9.83515	-10.1464	28.3034
1.54	-9.85805	-10.004	28.5379
1.55	-9.86421	-9.84096	28.7527
1.56	-9.85336	-9.65956	28.9449
1.57	-9.8255	-9.46253	29.1118
1.58	-9.7809	-9.25288	29.2511
1.59	-9.72012	-9.03382	29.3613
1.6	-9.64395	-8.80869	29.4411
1.61	-9.55345	-8.58081	29.49
1.62	-9.44988	-8.35346	29.5079
1.63	-9.33468	-8.12976	29.4952
1.64	-9.20945	-7.91264	29.4529
1.65	-9.0759	-7.70473	29.3823
1.66	-8.93582	-7.50835	29.285
1.67	-8.79102	-7.32551	29.163
1.68	-8.64332	-7.15785	29.0184
1.69	-8.49451	-7.00669	28.8535
1.7	-8.34632	-6.87299	28.6707
1.71	-8.20038	-6.75744	28.4725
1.72	-8.05822	-6.66044	28.2613
1.73	-7.92127	-6.58214	28.0394
1.74	-7.7908	-6.5225	27.8094
1.75	-7.66797	-6.4813	27.5733
1.76	-7.55378	-6.45817	27.3335
1.77	-7.44912	-6.45266	27.0919
1.78	-7.35472	-6.46422	26.8506
1.79	-7.2712	-6.49224	26.6113
1.8	-7.19907	-6.5361	26.376
1.81	-7.13872	-6.59513	26.1462
1.82	-7.09044	-6.66864	25.9237
1.83	-7.05441	-6.75597	25.7098
1.84	-7.03077	-6.85641	25.5061
1.85	-7.01954	-6.96928	25.3141
1.86	-7.0207	-7.09387	25.1349
1.87	-7.03414	-7.22946	24.97
1.88	-7.0597	-7.37529	24.8207
1.89	-7.09717	-7.53059	24.688
1.9	-7.14628	-7.69451	24.5733
1.91	-7.2067	-7.86615	24.4775
1.92	-7.27803	-8.04455	24.4019
1.93	-7.35984	-8.22863	24.3474
1.94	-7.45161	-8.41722	24.3149
1.95	-7.55276	-8.60903	24.3053
1.96	-7.66263	-8.80264	24.3193
1.97	-7.7805	-8.99651	24.3575
1.98	-7.90555	-9.18894	24.4203
1.99	-8.03686	-9.37809	24.508
2	-8.17344	-9.562	24.6206
2.01	-8.31419	-9.73856	24.7579
2.02	-8.4579	-9.90559	24.9193
2.03	-8.60328	-10.0608	25.1041
2.04	-8.74893	-10.2019	25.3111
2.05	-8.89336	-10.3265	25.5387
2.06	-9.03502	-10.4324	25.7851
2.07	-9.17228	-10.5174	26.0478
2.08	-9.30348	-10.5795	26.3242
2.09	-9.42693	-10.6171	26.6113
2.1	-9.54096	-10.6286	26.9055
2.11	-9.64393	-10.6131	27.2032
2.12	-9.73429	-10.5699	27.5004
2.13	-9.8106	-10.499	27.7929
2.14	-9.87157	-10.4008	28.0767
2.15	-9.91612	-10.2763	28.3476
2.16	-9.94335	-10.1269	28.6016
2.17	-9.95267	-9.95487	28.8349
2.18	-9.94373	-9.76257	29.0442
2.19	-9.91648	-9.553	29.2265
2.2	-9.87117	-9.3294	29.3794
2.21	-9.80836	-9.09529	29.5009
2.22	-9.72888	-8.85429	29.5898
2.23	-9.63385	-8.61007	29.6455
2.24	-9.52461	-8.36621	29.6678
2.25	-9.40272	-8.12615	29.6572
2.26	-9.2699	-7.89307	29.6146
2.27	-9.12799	-7.66985	29.5416
2.28	-8.97892	-7.45902	29.4399
2.29	-8.82466	-7.26274	29.3117
2.3	-8.66719	-7.08278	29.1593
2.31	-8.50842	-6.92053	28.9852
2.32	-8.35022	-6.77701	28.7919
2.33	-8.19435	-6.65291	28.5823
2.34	-8.04246	-6.54861	28.3588
2.35	-7.89606	-6.46423	28.124
2.36	-7.75652	-6.39968	27.8805
2.37	-7.62507	-6.35466	27.6306
2.38	-7.50277	-6.32875	27.3767
2.39	-7.39055	-6.32142	27.1209
2.4	-7.28918	-6.33205	26.8653
2.41	-7.19932	-6.35998	26.6118
2.42	-7.12147	-6.4045	26.3623
2.43	-7.05604	-6.4649	26.1186
2.44	-7.00332	-6.54047	25.8822
2.45	-6.96352	-6.63049	25.6548
2.46	-6.93674	-6.73424	25.4379
2.47	-6.92302	-6.85102	25.2329
2.48	-6.92232	-6.98012	25.0412
2.49	-6.93454	-7.12082	24.8641
2.5	-6.95951	-7.27237	24.7031
2.51	-6.99702	-7.434	24.5593
2.52	-7.04681	-7.6049	24.434
2.53	-7.10852	-7.78418	24.3284
2.54	-7.1818	-7.97088	24.2435
2.55	-7.26618	-8.16395	24.1806
2.56	-7.36117	-8.36224	24.1406
2.57	-7.46619	-8.56444	24.1245
2.58	-7.58059	-8.76915	24.1331
2.59	-7.70364	-8.97477	24.1672
2.6	-7.83453	-9.17958	24.2272
2.61	-7.97233	-9.38169	24.3135
2.62	-8.11605	-9.57904	24.4263
2.63	-8.26454	-9.76944	24.5655
2.64	-8.4166	-9.95054	24.7308
2.65	-8.57087	-10.1199	24.9213
2.66	-8.7259	-10.275	25.1359
2.67	-8.88016	-10.4134	25.3733
2.68	-9.03199	-10.5325	25.6314
2.69	-9.17967	-10.6298	25.908
2.7	-9.32142	-10.7032	26.2002
2.71	-9.45542	-10.7507	26.5049
2.72	-9.57986	-10.7704	26.8184
2.73	-9.69295	-10.7613	27.1368
2.74	-9.79297	-10.7224	27.4558
2.75	-9.87832	-10.6534	27.7711
2.76	-9.94754	-10.5547	28.078
2.77	-9.99937	-10.4272	28.372
2.78	-10.0328	-10.2724	28.6487
2.79	-10.0471	-10.0924	28.9039
2.8	-10.0418	-9.8899	29.1339
2.81	-10.0167	-9.66801	29.3353
2.82	-9.97215	-9.43026	29.5054
2.83	-9.90858	-9.18047	29.6419
2.84	-9.82687	-8.92262	29.7434
2.85	-9.72816	-8.66072	29.809
2.86	-9.61389	-8.39873	29.8387
2.87	-9.48572	-8.14043	29.8328
2.88	-9.34548	-7.88933	29.7924
2.89	-9.19517	-7.64862	29.719
2.9	-9.03688	-7.42108	29.6147
2.91	-8.87273	-7.20908	29.4817
2.92	-8.70485	-7.01454	29.3225
2.93	-8.53535	-6.83897	29.1399
2.94	-8.36623	-6.68347	28.9368
2.95	-8.19941	-6.54874	28.7159
2.96	-8.03667	-6.43517	28.4801
2.97	-7.87963	-6.34285	28.2322
2.98	-7.72978	-6.27163	27.9749
2.99	-7.58841	-6.22115	27.7106
3	-7.45668	-6.19093	27.4419
3.01	-7.33556	-6.18034	27.1711
3.02	-7.22588	-6.1887	26.9002
3.03	-7.12833	-6.21525	26.6314
3.04	-7.04343	-6.25924	26.3666
3.05	-6.97161	-6.3199	26.1075
3.06	-6.91317	-6.39646	25.856
3.07	-6.86832	-6.48817	25.6135
3.08	-6.83717	-6.59428	25.3817
3.09	-6.81974	-6.71408	25.162
3.1	-6.81601	-6.84685	24.9559
3.11	-6.82587	-6.99188	24.7648
3.12	-6.84915	-7.14842	24.5901
3.13	-6.88564	-7.31575	24.433
3.14	-6.93507	-7.49306	24.2949
3.15	-6.99712	-7.6795	24.177
3.16	-7.07141	-7.87414	24.0805
3.17	-7.15751	-8.07598	24.0067
3.18	-7.25493	-8.28386	23.9566
3.19	-7.3631	-8.49654	23.9313
3.2	-7.48139	-8.71259	23.9318
3.21	-7.60909	-8.93045	23.9589
3.22	-7.74538	-9.14836	24.0133
3.23	-7.88936	-9.36438	24.0955
3.24	-8.04003	-9.57642	24.2058
3.25	-8.19625	-9.78217	24.3444
3.26	-8.35678	-9.97918	24.5109
3.27	-8.52025	-10.1649	24.7047
3.28	-8.68518	-10.3365	24.925
3.29	-8.84996	-10.4913	25.1704
3.3	-9.01287	-10.6266	25.4389
3.31	-9.17209	-10.7396	25.7283
3.32	-9.32572	-10.8277	26.0358
3.33	-9.47183	-10.8886	26.3581
3.34	-9.60843	-10.9204	26.6914
3.35	-9.73357	-10.9213	27.0316
3.36	-9.84534	-10.8902	27.3742
3.37	-9.94196	-10.8266	27.7144
3.38	-10.0217	-10.7306	28.0472
3.39	-10.0833	-10.6029	28.3677
3.4	-10.1253	-10.445	28.6709
3.41	-10.1469	-10.2589	28.9522
3.42	-10.1476	-10.0476	29.2073
3.43	-10.1269	-9.81415	29.4325
3.44	-10.0851	-9.56248	29.6244
3.45	-10.0226	-9.29668	29.7806
3.46	-9.94026	-9.02111	29.8992
3.47	-9.83923	-8.74018	29.9791
3.48	-9.72099	-8.45827	30.0202
3.49	-9.58731	-8.1796	30.0228
3.5	-9.44014	-7.90807	29.9879
3.51	-9.28163	-7.64724	29.9171
3.52	-9.11403	-7.40021	29.8126
3.53	-8.93964	-7.16963	29.6769
3.54	-8.76079	-6.95763	29.5127
3.55	-8.57976	-6.7659	29.323
3.56	-8.39874	-6.59562	29.1108
3.57	-8.21981	-6.44759	28.8793
3.58	-8.04491	-6.32219	28.6316
3.59	-7.87583	-6.2195	28.3705
3.6	-7.71415	-6.13933	28.0991
3.61	-7.5613	-6.08125	27.82
3.62	-7.41852	-6.0447	27.5358
3.63	-7.28686	-6.02898	27.2491
3.64	-7.16721	-6.03329	26.9619
3.65	-7.0603	-6.05683	26.6766
3.66	-6.96669	-6.09874	26.3951
3.67	-6.88683	-6.15819	26.1193
3.68	-6.82105	-6.23436	25.8509
3.69	-6.76955	-6.32643	25.5916
3.7	-6.73245	-6.43365	25.343
3.71	-6.70979	-6.55527	25.1067
3.72	-6.70152	-6.69057	24.8842
3.73	-6.70755	-6.83884	24.6768
3.74	-6.72772	-6.99937	24.486
3.75	-6.7618	-7.17143	24.3131
3.76	-6.80955	-7.35428	24.1596
3.77	-6.87064	-7.5471	24.0266
3.78	-6.94471	-7.74902	23.9156
3.79	-7.03135	-7.95907	23.8279
3.8	-7.13009	-8.17617	23.7645
3.81	-7.24038	-8.39911	23.7267
3.82	-7.36162	-8.62651	23.7157
3.83	-7.49311	-8.85683	23.7323
3.84	-7.63408	-9.08833	23.7775
3.85	-7.78365	-9.31907	23.852
3.86	-7.94082	-9.54693	23.9563
3.87	-8.10448	-9.76953	24.0906
3.88	-8.27339	-9.98433	24.2549
3.89	-8.44619	-10.1886	24.4489
3.9	-8.62135	-10.3794	24.6717
3.91	-8.79723	-10.5539	24.9223
3.92	-8.97206	-10.7089	25.1988
3.93	-9.14394	-10.8413	25.4991
3.94	-9.31086	-10.9484	25.8205
3.95	-9.47075	-11.0274	26.1596
3.96	-9.62147	-11.0757	26.5127
3.97	-9.76089	-11.0915	26.8754
3.98	-9.88689	-11.073	27.2429
3.99	-9.99746	-11.0195	27.6102
4	-10.0907	-10.9306	27.9719
4.01	-10.1649	-10.8068	28.3225
4.02	-10.2186	-10.6494	28.6566
4.03	-10.2507	-10.4604	28.9689
4.04	-10.2604	-10.2426	29.2546
4.05	-10.2471	-9.99939	29.5092
4.06	-10.2109	-9.73476	29.7289
4.07	-10.1521	-9.45317	29.9107
4.08	-10.0714	-9.15935	30.0524
4.09	-9.9701	-8.8582	30.1526
4.1	-9.8496	-8.55456	30.2106
4.11	-9.71174	-8.25316	30.2267
4.12	-9.55861	-7.9584	30.202
4.13	-9.39249	-7.6743	30.138
4.14	-9.2158	-7.40438	30.0371
4.15	-9.03105	-7.15165	29.9018
4.16	-8.84076	-6.91857	29.7351
4.17	-8.64743	-6.70704	29.5403
4.18	-8.45347	-6.51841	29.3207
4.19	-8.26116	-6.35359	29.0797
4.2	-8.07264	-6.21303	28.8207
4.21	-7.88986	-6.09681	28.5468
4.22	-7.71458	-6.00469	28.2612
4.23	-7.54837	-5.93621	27.967
4.24	-7.39257	-5.89071	27.6667
4.25	-7.24835	-5.86739	27.3632
4.26	-7.11667	-5.86538	27.0587
4.27	-6.99833	-5.88375	26.7556
4.28	-6.89394	-5.92156	26.456
4.29	-6.80399	-5.9779	26.1617
4.3	-6.72882	-6.05186	25.8747
4.31	-6.66866	-6.14259	25.5967
4.32	-6.62363	-6.24928	25.3294
4.33	-6.59378	-6.37114	25.0742
4.34	-6.57908	-6.50746	24.8328
4.35	-6.57942	-6.65751	24.6065
4.36	-6.59464	-6.82062	24.397
4.37	-6.62453	-6.99608	24.2054
4.38	-6.66885	-7.1832	24.0334
4.39	-6.7273	-7.38121	23.8822
4.4	-6.79952	-7.58932	23.7532
4.41	-6.88512	-7.80663	23.6479
4.42	-6.98366	-8.03213	23.5674
4.43	-7.09463	-8.26469	23.5132
4.44	-7.21747	-8.50302	23.4865
4.45	-7.35151	-8.74563	23.4884
4.46	-7.49603	-8.99085	23.52
4.47	-7.65018	-9.23679	23.5822
4.48	-7.81301	-9.4813	23.6758
4.49	-7.98346	-9.72204	23.8012
4.5	-8.1603	-9.95638	23.9587
4.51	-8.3422	-10.1815	24.1482
4.52	-8.52764	-10.3944	24.3693
4.53	-8.71496	-10.5917	24.6209
4.54	-8.90236	-10.7704	24.9017
4.55	-9.08789	-10.9269	25.2097
4.56	-9.26944	-11.0579	25.5423
4.57	-9.44483	-11.1603	25.8963
4.58	-9.61177	-11.2311	26.2679
4.59	-9.76793	-11.2679	26.6528
4.6	-9.91098	-11.2684	27.046
4.61	-10.0387	-11.2312	27.4421
4.62	-10.1488	-11.1556	27.8354
4.63	-10.2394	-11.0417	28.2199
4.64	-10.3087	-10.8902	28.5895
4.65	-10.3553	-10.7031	28.9384
4.66	-10.378	-10.4828	29.261
4.67	-10.3761	-10.2329	29.552
4.68	-10.3493	-9.95757	29.8071
4.69	-10.2979	-9.66141	30.0223
4.7	-10.2223	-9.3496	30.1949
4.71	-10.1237	-9.02749	30.3229
4.72	-10.0036	-8.70052	30.4053
4.73	-9.86379	-8.37397	30.4422
4.74	-9.70642	-8.05287	30.4342
4.75	-9.53392	-7.74183	30.3829
4.76	-9.34889	-7.44493	30.2908
4.77	-9.15405	-7.16567	30.1605
4.78	-8.95214	-6.90693	29.9953
4.79	-8.74591	-6.67094	29.7986
4.8	-8.53802	-6.45935	29.5741
4.81	-8.331	-6.27323	29.3255
4.82	-8.12722	-6.11314	29.0565
4.83	-7.92887	-5.97921	28.7707
4.84	-7.73791	-5.87122	28.4714
4.85	-7.55608	-5.78863	28.1619
4.86	-7.38489	-5.73071	27.8452
4.87	-7.22564	-5.69657	27.5241
4.88	-7.0794	-5.68521	27.2013
4.89	-6.94706	-5.6956	26.8791
4.9	-6.82931	-5.72669	26.5598
4.91	-6.72669	-5.77744	26.2454
4.92	-6.63957	-5.84687	25.9379
4.93	-6.56821	-5.93403	25.6391
4.94	-6.51276	-6.03805	25.3506
4.95	-6.47327	-6.15811	25.074
4.96	-6.44971	-6.29345	24.8111
4.97	-6.44198	-6.44337	24.5631
4.98	-6.44993	-6.60717	24.3317
4.99	-6.47335	-6.78421	24.1182
5	-6.51201	-6.97383	23.9242
5.01	-6.56562	-7.17534	23.751
5.02	-6.63384	-7.38801	23.6002
5.03	-6.71632	-7.61106	23.473
5.04	-6.81264	-7.84357	23.3711
5.05	-6.92234	-8.08452	23.2958
5.06	-7.04489	-8.33274	23.2484
5.07	-7.1797	-8.58687	23.2303
5.08	-7.32609	-8.84534	23.2429
5.09	-7.48327	-9.10635	23.2871
5.1	-7.65038	-9.36784	23.3641
5.11	-7.82641	-9.6275	23.4746
5.12	-8.0102	-9.88273	23.6192
5.13	-8.20046	-10.1307	23.7982
5.14	-8.39572	-10.3682	24.0114
5.15	-8.59437	-10.5919	24.2583
5.16	-8.7946	-10.7983	24.5378
5.17	-8.99442	-10.9837	24.8483
5.18	-9.1917	-11.1443	25.1875
5.19	-9.38416	-11.2766	25.5526
5.2	-9.56937	-11.377	25.9398
5.21	-9.74484	-11.4423	26.345
5.22	-9.90802	-11.4699	26.7631
5.23	-10.0564	-11.4574	27.1886
5.24	-10.1874	-11.4036	27.6153
5.25	-10.2989	-11.3077	28.037
5.26	-10.3885	-11.1701	28.4469
5.27	-10.4546	-10.992	28.8385
5.28	-10.4956	-10.7759	29.2051
5.29	-10.5104	-10.5248	29.5409
5.3	-10.4983	-10.243	29.8403
5.31	-10.4593	-9.93526	30.0987
5.32	-10.3937	-9.60714	30.3123
5.33	-10.3024	-9.26445	30.4784
5.34	-10.1867	-8.91321	30.5953
5.35	-10.0484	-8.55941	30.6625
5.36	-9.88966	-8.20881	30.6804
5.37	-9.71307	-7.86676	30.6505
5.38	-9.52135	-7.53809	30.5748
5.39	-9.31742	-7.22696	30.4563
5.4	-9.10427	-6.93685	30.2984
5.41	-8.88493	-6.67051	30.1048
5.42	-8.66236	-6.42999	29.8795
5.43	-8.43938	-6.21665	29.6266
5.44	-8.21867	-6.03127	29.3501
5.45	-8.00268	-5.87411	29.0539
5.46	-7.79366	-5.74498	28.7419
5.47	-7.59357	-5.64334	28.4177
5.48	-7.40415	-5.56838	28.0844
5.49	-7.22687	-5.51911	27.7454
5.5	-7.06297	-5.49441	27.4033
5.51	-6.91346	-5.49311	27.0608
5.52	-6.77913	-5.51401	26.7204
5.53	-6.66061	-5.55594	26.3841
5.54	-6.55832	-5.61779	26.054
5.55	-6.47258	-5.6985	25.732
5.56	-6.40355	-5.79711	25.4199
5.57	-6.3513	-5.91272	25.1193
5.58	-6.31581	-6.04453	24.8318
5.59	-6.297	-6.19179	24.5589
5.6	-6.29471	-6.35384	24.3022
5.61	-6.30875	-6.53004	24.0632
5.62	-6.33888	-6.71976	23.8433
5.63	-6.38483	-6.92241	23.644
5.64	-6.44629	-7.13735	23.4667
5.65	-6.52292	-7.36388	23.3131
5.66	-6.61435	-7.60124	23.1846
5.67	-6.72016	-7.84856	23.0826
5.68	-6.83987	-8.10481	23.0089
5.69	-6.97296	-8.36881	22.9647
5.7	-7.11882	-8.63915	22.9517
5.71	-7.27678	-8.9142	22.9711
5.72	-7.44603	-9.19207	23.0243
5.73	-7.62566	-9.47057	23.1124
5.74	-7.81463	-9.74721	23.2363
5.75	-8.01175	-10.0192	23.3967
5.76	-8.21563	-10.2833	23.5939
5.77	-8.42474	-10.5363	23.8279
5.78	-8.63733	-10.7743	24.0981
5.79	-8.85146	-10.9935	24.4034
5.8	-9.06499	-11.1898	24.7421
5.81	-9.27561	-11.359	25.1116
5.82	-9.48081	-11.4971	25.5088
5.83	-9.67796	-11.6002	25.9297
5.84	-9.86432	-11.6647	26.3695
5.85	-10.0371	-11.6876	26.8227
5.86	-10.1935	-11.6666	27.283
5.87	-10.3308	-11.6001	27.7437
5.88	-10.4465	-11.4875	28.1977
5.89	-10.5383	-11.3294	28.6375
5.9	-10.6042	-11.1273	29.0558
5.91	-10.6425	-10.8841	29.4454
5.92	-10.6522	-10.6034	29.7999
5.93	-10.6326	-10.2903	30.1133
5.94	-10.5838	-9.95023	30.3807
5.95	-10.5062	-9.58952	30.5981
5.96	-10.4009	-9.21476	30.7631
5.97	-10.2696	-8.8327	30.874
5.98	-10.1143	-8.44998	30.9307
5.99	-9.93762	-8.07288	30.9342
6	-9.74237	-7.70717	30.8862
6.01	-9.53165	-7.35794	30.7897
6.02	-9.30873	-7.02951	30.648
6.03	-9.07692	-6.72539	30.4652
6.04	-8.83951	-6.44823	30.2456
6.05	-8.5997	-6.19992	29.9936
6.06	-8.36053	-5.98161	29.7138
6.07	-8.12482	-5.7938	29.4105
6.08	-7.89514	-5.63644	29.0881
6.09	-7.6738	-5.50904	28.7505
6.1	-7.46282	-5.41076	28.4014
6.11	-7.26392	-5.34051	28.0444
6.12	-7.07858	-5.29706	27.6826
6.13	-6.90797	-5.27906	27.3188
6.14	-6.75307	-5.28513	26.9558
6.15	-6.6146	-5.31395	26.5958
6.16	-6.49309	-5.36421	26.241
6.17	-6.38892	-5.4347	25.8935
6.18	-6.3023	-5.52433	25.555
6.19	-6.23334	-5.63208	25.2274
6.2	-6.18203	-5.75705	24.9123
6.21	-6.1483	-5.89846	24.6111
6.22	-6.13201	-6.05558	24.3255
6.23	-6.13295	-6.22779	24.0569
6.24	-6.15089	-6.41449	23.8068
6.25	-6.18557	-6.61515	23.5768
6.26	-6.2367	-6.82921	23.3683
6.27	-6.30397	-7.0561	23.1828
6.28	-6.38701	-7.29521	23.022
6.29	-6.48548	-7.54584	22.8874
6.3	-6.59894	-7.80715	22.7807
6.31	-6.72696	-8.07818	22.7034
6.32	-6.869	-8.35777	22.6572
6.33	-7.0245	-8.64452	22.6437
6.34	-7.19277	-8.93679	22.6645
6.35	-7.37302	-9.23262	22.721
6.36	-7.56436	-9.52976	22.8146
6.37	-7.76573	-9.82558	22.9463
6.38	-7.9759	-10.1171	23.1171
6.39	-8.19347	-10.401	23.3274
6.4	-8.41683	-10.6735	23.5773
6.41	-8.64415	-10.9306	23.8664
6.42	-8.8734	-11.168	24.1937
6.43	-9.10229	-11.3812	24.5573
6.44	-9.32832	-11.5656	24.9549
6.45	-9.54881	-11.7165	25.3829
6.46	-9.76088	-11.8296	25.8371
6.47	-9.96155	-11.9009	26.3124
6.48	-10.1477	-11.9268	26.8027
6.49	-10.3163	-11.9046	27.3011
6.5	-10.4644	-11.8325	27.8002
6.51	-10.589	-11.7097	28.2921
6.52	-10.6877	-11.5368	28.7685
6.53	-10.7582	-11.3155	29.2211
6.54	-10.7987	-11.049	29.6421
6.55	-10.8079	-10.7415	30.0242
6.56	-10.7853	-10.3986	30.3607
6.57	-10.7307	-10.0266	30.6464
6.58	-10.6448	-9.63258	30.8769
6.59	-10.5288	-9.22399	31.0496
6.6	-10.3845	-8.80843	31.1631
6.61	-10.2144	-8.3933	31.2172
6.62	-10.0213	-7.98555	31.2134
6.63	-9.8084	-7.59151	31.154
6.64	-9.57913	-7.2167	31.0423
6.65	-9.33713	-6.8657	30.8825
6.66	-9.08606	-6.54216	30.679
6.67	-8.82954	-6.24877	30.4368
6.68	-8.57104	-5.98733	30.1608
6.69	-8.31385	-5.75881	29.8562
6.7	-8.061	-5.5635	29.5276
6.71	-7.81521	-5.40107	29.1798
6.72	-7.57892	-5.27074	28.817
6.73	-7.35422	-5.17139	28.4431
6.74	-7.1429	-5.10165	28.0618
6.75	-6.94642	-5.06001	27.6763
6.76	-6.76597	-5.04489	27.2896
6.77	-6.60247	-5.05472	26.9044
6.78	-6.45661	-5.08798	26.523
6.79	-6.32887	-5.14324	26.1475
6.8	-6.21956	-5.21918	25.7801
6.81	-6.12883	-5.31462	25.4224
6.82	-6.05671	-5.42852	25.0762
6.83	-6.00315	-5.55994	24.7431
6.84	-5.96801	-5.7081	24.4246
6.85	-5.9511	-5.87232	24.1223
6.86	-5.95217	-6.05201	23.8375
6.87	-5.97097	-6.24663	23.5719
6.88	-6.00721	-6.45572	23.3268
6.89	-6.06057	-6.67882	23.1039
6.9	-6.13075	-6.91545	22.9047
6.91	-6.2174	-7.16508	22.7308
6.92	-6.32016	-7.42714	22.5839
6.93	-6.43866	-7.70089	22.4657
6.94	-6.57246	-7.98546	22.378
6.95	-6.72109	-8.27979	22.3225
6.96	-6.884	-8.58256	22.3011
6.97	-7.06057	-8.89219	22.3154
6.98	-7.25006	-9.20676	22.3671
6.99	-7.4516	-9.52401	22.4579
7	-7.66418	-9.84127	22.5892
7.01	-7.88659	-10.1555	22.762
7.02	-8.11745	-10.4631	22.9773
7.03	-8.35515	-10.7603	23.2353
7.04	-8.59782	-11.0426	23.536
7.05	-8.84336	-11.3054	23.8785
7.06	-9.0894	-11.5438	24.2614
7.07	-9.33331	-11.7525	24.6821
7.08	-9.57223	-11.9263	25.1375
7.09	-9.80307	-12.0603	25.6231
7.1	-10.0226	-12.1496	26.1335
7.11	-10.2273	-12.1902	26.6624
7.12	-10.414	-12.1784	27.2024
7.13	-10.5791	-12.1121	27.7453
7.14	-10.7195	-11.9899	28.2823
7.15	-10.8323	-11.8121	28.8043
7.16	-10.9147	-11.5802	29.3021
7.17	-10.9648	-11.2976	29.7665
7.18	-10.9809	-10.9687	30.1893
7.19	-10.9621	-10.5996	30.563
7.2	-10.9084	-10.1973	30.8813
7.21	-10.8202	-9.76974	31.1394
7.22	-10.6989	-9.32536	31.334
7.23	-10.5463	-8.87269	31.4634
7.24	-10.3651	-8.42012	31.5276
7.25	-10.1584	-7.97552	31.5281
7.26	-9.92976	-7.54604	31.4676
7.27	-9.68298	-7.13784	31.3499
7.28	-9.42208	-6.75607	31.1796
7.29	-9.15113	-6.40471	30.9619
7.3	-8.87411	-6.08667	30.7024
7.31	-8.59489	-5.80381	30.4066
7.32	-8.31706	-5.55707	30.0802
7.33	-8.04394	-5.34658	29.7284
7.34	-7.77852	-5.17181	29.3564
7.35	-7.52341	-5.03171	28.9688
7.36	-7.28087	-4.92488	28.5699
7.37	-7.05278	-4.84964	28.1635
7.38	-6.8407	-4.80421	27.753
7.39	-6.64584	-4.78674	27.3415
7.4	-6.46915	-4.7954	26.9319
7.41	-6.31128	-4.82847	26.5264
7.42	-6.1727	-4.88433	26.1273
7.43	-6.05367	-4.96152	25.7365
7.44	-5.95428	-5.05874	25.356
7.45	-5.87453	-5.17486	24.9872
7.46	-5.8143	-5.30892	24.6318
7.47	-5.77338	-5.46011	24.2913
7.48	-5.75155	-5.62775	23.9672
7.49	-5.74853	-5.81128	23.6609
7.5	-5.764	-6.01024	23.3739
7.51	-5.79767	-6.22424	23.1077
7.52	-5.84921	-6.45292	22.8638
7.53	-5.9183	-6.69592	22.6437
7.54	-6.00463	-6.95287	22.4492
7.55	-6.10784	-7.22331	22.282
7.56	-6.2276	-7.50669	22.1438
7.57	-6.36353	-7.80231	22.0366
7.58	-6.51521	-8.10927	21.9622
7.59	-6.68217	-8.42645	21.9226
7.6	-6.86387	-8.75242	21.9198
7.61	-7.05965	-9.08543	21.9557
7.62	-7.26874	-9.42334	22.0322
7.63	-7.49023	-9.7636	22.1511
7.64	-7.72302	-10.1032	22.314
7.65	-7.96579	-10.4385	22.522
7.66	-8.21701	-10.7657	22.776
7.67	-8.47488	-11.0802	23.0765
7.68	-8.73733	-11.3769	23.4231
7.69	-9.00196	-11.6506	23.8149
7.7	-9.2661	-11.8954	24.2497
7.71	-9.52679	-12.1057	24.7249
7.72	-9.78076	-12.2754	25.2361
7.73	-10.0245	-12.399	25.7782
7.74	-10.2544	-12.4713	26.3448
7.75	-10.4666	-12.4877	26.9282
7.76	-10.6574	-12.4449	27.5197
7.77	-10.8229	-12.3407	28.1097
7.78	-10.9598	-12.1744	28.6883
7.79	-11.0649	-11.947	29.2448
7.8	-11.1354	-11.6612	29.769
7.81	-11.1694	-11.3216	30.251
7.82	-11.1655	-10.9342	30.6819
7.83	-11.1231	-10.5067	31.054
7.84	-11.0425	-10.0477	31.3613
7.85	-10.9247	-9.56665	31.5994
7.86	-10.7716	-9.07322	31.7658
7.87	-10.586	-8.57707	31.86
7.88	-10.371	-8.08738	31.8832
7.89	-10.1306	-7.6125	31.8382
7.9	-9.86887	-7.15971	31.7291
7.91	-9.59028	-6.73508	31.561
7.92	-9.29934	-6.34336	31.3397
7.93	-9.00056	-5.98801	31.0714
7.94	-8.69824	-5.67126	30.7626
7.95	-8.39647	-5.3942	30.4194
7.96	-8.09897	-5.15699	30.048
7.97	-7.80912	-4.959	29.654
7.98	-7.52986	-4.79899	29.2426
7.99	-7.26372	-4.67527	28.8186
8	-7.01281	-4.58587	28.3862
8.01	-6.77884	-4.52866	27.949
8.02	-6.56316	-4.50148	27.5106
8.03	-6.36679	-4.50218	27.0736
8.04	-6.19044	-4.52875	26.6407
8.05	-6.03457	-4.57931	26.2142
8.06	-5.89944	-4.65217	25.7959
8.07	-5.78512	-4.74586	25.3879
8.08	-5.69154	-4.85909	24.9916
8.09	-5.61856	-4.99081	24.6086
8.1	-5.5659	-5.14011	24.2404
8.11	-5.53329	-5.30631	23.8884
8.12	-5.52039	-5.48884	23.554
8.13	-5.52686	-5.68727	23.2387
8.14	-5.55236	-5.9013	22.9438
8.15	-5.59654	-6.13065	22.6708
8.16	-5.65907	-6.37511	22.4214
8.17	-5.73964	-6.63446	22.1971
8.18	-5.83794	-6.90845	21.9998
8.19	-5.95364	-7.19675	21.8311
8.2	-6.08645	-7.49889	21.693
8.21	-6.23601	-7.81427	21.5876
8.22	-6.40197	-8.14204	21.517
8.23	-6.58387	-8.48109	21.4833
8.24	-6.78122	-8.82998	21.4887
8.25	-6.9934	-9.1869	21.5355
8.26	-7.21965	-9.54959	21.6258
8.27	-7.45905	-9.91529	21.7617
8.28	-7.71049	-10.2807	21.9449
8.29	-7.9726	-10.642	22.1771
8.3	-8.24378	-10.9948	22.4593
8.31	-8.52211	-11.3339	22.7921
8.32	-8.80534	-11.6538	23.1753
8.33	-9.09088	-11.9484	23.6079
8.34	-9.37579	-12.2112	24.0878
8.35	-9.6568	-12.4355	24.6117
8.36	-9.93027	-12.6146	25.1752
8.37	-10.1923	-12.7421	25.7722
8.38	-10.4388	-12.8121	26.3954
8.39	-10.6655	-12.8194	27.0362
8.4	-10.8682	-12.7602	27.6845
8.41	-11.0426	-12.6323	28.3295
8.42	-11.1849	-12.435	28.9595
8.43	-11.2915	-12.1698	29.5627
8.44	-11.3597	-11.8402	30.1273
8.45	-11.387	-11.4518	30.6424
8.46	-11.3723	-11.0122	31.0981
8.47	-11.315	-10.5302	31.486
8.48	-11.2157	-10.0162	31.8
8.49	-11.0758	-9.48121	32.0358
8.5	-10.8977	-8.93633	32.1914
8.51	-10.6847	-8.39249	32.267
8.52	-10.4407	-7.85987	32.265
8.53	-10.1701	-7.34753	32.1891
8.54	-9.87783	-6.86318	32.0447
8.55	-9.56888	-6.41302	31.8381
8.56	-9.24834	-6.00168	31.5763
8.57	-8.92117	-5.63228	31.2666
8.58	-8.59208	-5.30656	30.9161
8.59	-8.26546	-5.02503	30.5319
8.6	-7.94524	-4.7872	30.1205
8.61	-7.63493	-4.59178	29.6881
8.62	-7.33753	-4.4369	29.2401
8.63	-7.05557	-4.32026	28.7813
8.64	-6.79108	-4.23939	28.316
8.65	-6.5457	-4.19169	27.848
8.66	-6.32062	-4.17461	27.3805
8.67	-6.11673	-4.18572	26.9163
8.68	-5.93456	-4.22275	26.4578
8.69	-5.77443	-4.28367	26.0071
8.7	-5.63641	-4.36668	25.5661
8.71	-5.52043	-4.47024	25.1364
8.72	-5.42628	-4.59305	24.7195
8.73	-5.35367	-4.73408	24.3169
8.74	-5.30224	-4.89249	23.9299
8.75	-5.27159	-5.06766	23.5599
8.76	-5.26132	-5.25914	23.2081
8.77	-5.27102	-5.46663	22.876
8.78	-5.30031	-5.68994	22.5649
8.79	-5.34883	-5.92897	22.2762
8.8	-5.41623	-6.18366	22.0116
8.81	-5.50222	-6.45397	21.7727
8.82	-5.60649	-6.73983	21.5612
8.83	-5.7288	-7.04109	21.3791
8.84	-5.86886	-7.35748	21.2284
8.85	-6.02643	-7.68859	21.1113
8.86	-6.20119	-8.03374	21.03
8.87	-6.39281	-8.39199	20.9869
8.88	-6.60087	-8.76208	20.9845
8.89	-6.82486	-9.14228	21.0253
8.9	-7.06412	-9.53045	21.1119
8.91	-7.31782	-9.92384	21.2466
8.92	-7.58494	-10.3192	21.4319
8.93	-7.86419	-10.7124	21.6696
8.94	-8.154	-11.0989	21.9615
8.95	-8.45248	-11.4733	22.3086
8.96	-8.75734	-11.8294	22.7112
8.97	-9.06594	-12.1607	23.1688
8.98	-9.37519	-12.4597	23.6797
8.99	-9.68161	-12.7189	24.2409
9	-9.98129	-12.9306	24.8479
9.01	-10.27	-13.0871	25.4947
9.02	-10.5431	-13.1812	26.1734
9.03	-10.796	-13.2067	26.8748
9.04	-11.0237	-13.1586	27.5878
9.05	-11.2214	-13.0336	28.3003
9.06	-11.3847	-12.8305	28.9991
9.07	-11.5093	-12.5503	29.6705
9.08	-11.5918	-12.1966	30.3011
9.09	-11.6295	-11.7753	30.878
9.1	-11.6205	-11.2948	31.3895
9.11	-11.5643	-10.7653	31.826
9.12	-11.4611	-10.1987	32.1799
9.13	-11.3125	-9.60757	32.4463
9.14	-11.1211	-9.0049	32.6228
9.15	-10.8906	-8.40336	32.7098
9.16	-10.6253	-7.81472	32.7099
9.17	-10.3303	-7.24941	32.6278
9.18	-10.011	-6.71623	32.4698
9.19	-9.67323	-6.22214	32.2434
9.2	-9.32269	-5.77222	31.9567
9.21	-8.96496	-5.36976	31.6181
9.22	-8.60535	-5.0164	31.236
9.23	-8.24872	-4.71237	30.8181
9.24	-7.89945	-4.45675	30.3721
9.25	-7.56136	-4.24774	29.9045
9.26	-7.23771	-4.08288	29.4214
9.27	-6.9312	-3.95933	28.928
9.28	-6.64397	-3.87401	28.4289
9.29	-6.37768	-3.82383	27.9278
9.3	-6.13353	-3.80576	27.4281
9.31	-5.91234	-3.81696	26.9327
9.32	-5.71456	-3.85481	26.4438
9.33	-5.54041	-3.917	25.9635
9.34	-5.38984	-4.0015	25.4937
9.35	-5.26265	-4.10662	25.0357
9.36	-5.15851	-4.23095	24.5911
9.37	-5.07699	-4.37338	24.1611
9.38	-5.01762	-4.53304	23.747
9.39	-4.97991	-4.70935	23.3499
9.4	-4.96335	-4.9019	22.9711
9.41	-4.96746	-5.11047	22.6118
9.42	-4.9918	-5.335	22.2733
9.43	-5.03597	-5.57553	21.957
9.44	-5.0996	-5.83219	21.6643
9.45	-5.18239	-6.10513	21.397
9.46	-5.28407	-6.39453	21.1566
9.47	-5.40441	-6.70049	20.945
9.48	-5.54323	-7.02306	20.7644
9.49	-5.70032	-7.36213	20.617
9.5	-5.87552	-7.71739	20.505
9.51	-6.06862	-8.08829	20.4311
9.52	-6.27936	-8.47392	20.398
9.53	-6.50741	-8.87302	20.4084
9.54	-6.75231	-9.28382	20.4653
9.55	-7.01348	-9.704	20.5716
9.56	-7.29012	-10.1306	20.7303
9.57	-7.58119	-10.56	20.944
9.58	-7.88538	-10.9877	21.2152
9.59	-8.20103	-11.4083	21.5459
9.6	-8.52609	-11.8159	21.9376
9.61	-8.85809	-12.2033	22.3908
9.62	-9.19408	-12.5628	22.905
9.63	-9.53061	-12.886	23.4784
9.64	-9.86376	-13.164	24.1077
9.65	-10.1891	-13.3876	24.7876
9.66	-10.5018	-13.548	25.5111
9.67	-10.7965	-13.6368	26.2692
9.68	-11.068	-13.6468	27.0507
9.69	-11.3105	-13.5724	27.8427
9.7	-11.5186	-13.4101	28.6309
9.71	-11.6871	-13.159	29.3998
9.72	-11.8115	-12.8209	30.1334
9.73	-11.8879	-12.4007	30.8163
9.74	-11.9133	-11.9064	31.4337
9.75	-11.8861	-11.3484	31.9728
9.76	-11.8058	-10.7396	32.4232
9.77	-11.6734	-10.0942	32.7773
9.78	-11.491	-9.42745	33.0308
9.79	-11.262	-8.75447	33.1824
9.8	-10.9911	-8.0897	33.234
9.81	-10.6837	-7.44619	33.1901
9.82	-10.3457	-6.83517	33.0575
9.83	-9.98375	-6.26566	32.8444
9.84	-9.60431	-5.74443	32.5601
9.85	-9.2139	-5.27598	32.2145
9.86	-8.81873	-4.86275	31.8175
9.87	-8.42454	-4.50536	31.3783
9.88	-8.03652	-4.20292	30.9059
9.89	-7.65923	-3.9534	30.408
9.9	-7.29654	-3.75391	29.8919
9.91	-6.95166	-3.60103	29.3635
9.92	-6.62716	-3.49106	28.8281
9.93	-6.325	-3.4202	28.2901
9.94	-6.04659	-3.38476	27.7531
9.95	-5.79287	-3.38125	27.2201
9.96	-5.56438	-3.40647	26.6938
9.97	-5.36131	-3.45759	26.1762
9.98	-5.18357	-3.53212	25.669
9.99	-5.03089	-3.62796	25.1738
10	-4.90282	-3.74341	24.6919
