t	y1	y2	y3
0	1	1	1
0.01	1.013	1.25878	0.984856
0.02	1.0494	1.52194	0.973017
0.03	1.10771	1.79544	0.964974
0.04	1.18712	2.08488	0.961433
0.05	1.28742	2.39566	0.963341
0.06	1.40891	2.7331	0.971929
0.07	1.55238	3.1026	0.988767
0.08	1.71906	3.50971	1.01584
0.09	1.91061	3.96021	1.05566
0.1	2.12909	4.46016	1.11139
0.11	2.37693	5.01601	1.18696
0.12	2.657	5.63453	1.28736
0.13	2.97254	6.32282	1.41875
0.14	3.32716	7.08826	1.58887
0.15	3.72486	7.93835	1.80729
0.16	4.16995	8.88044	2.08585
0.17	4.66704	9.92139	2.4391
0.18	5.22089	11.067	2.88481
0.19	5.8363	12.3212	3.44444
0.2	6.51785	13.6848	4.14363
0.21	7.26962	15.1544	5.01246
0.22	8.09465	16.7199	6.08553
0.23	8.99439	18.3623	7.40139
0.24	9.9678	20.0508	9.00119
0.25	11.0103	21.7393	10.9261
0.26	12.1127	23.3637	13.2128
0.27	13.2594	24.8395	15.8876
0.28	14.4274	26.0619	18.957
0.29	15.5849	26.9091	22.3981
0.3	16.6909	27.2514	26.1478
0.31	17.696	26.966	30.0947
0.32	18.5446	25.9588	34.078
0.33	19.1796	24.1871	37.8962
0.34	19.5483	21.6806	41.3289
0.35	19.6098	18.5499	44.1689
0.36	19.3413	14.9785	46.2579
0.37	18.7428	11.1966	47.5146
0.38	17.8374	7.44321	47.9466
0.39	16.6683	3.92839	47.6418
0.4	15.2924	0.806174	46.7438
0.41	13.7725	-1.83631	45.4203
0.42	12.1706	-3.97419	43.8354
0.43	10.5425	-5.63055	42.1297
0.44	8.93436	-6.85886	40.4113
0.45	7.38199	-7.72709	38.7552
0.46	5.9108	-8.30579	37.2073
0.47	4.53716	-8.66065	35.791
0.48	3.27003	-8.84866	34.5136
0.49	2.11253	-8.91697	33.3719
0.5	1.06351	-8.90312	32.357
0.51	0.118813	-8.83622	31.4567
0.52	-0.727702	-8.7383	30.6581
0.53	-1.48337	-8.62572	29.9486
0.54	-2.15614	-8.51034	29.3166
0.55	-2.75411	-8.40064	28.752
0.56	-3.2853	-8.30245	28.2459
0.57	-3.75737	-8.21968	27.791
0.58	-4.17757	-8.15478	27.3814
0.59	-4.55262	-8.1091	27.0121
0.6	-4.88868	-8.08323	26.6792
0.61	-5.19135	-8.07714	26.3796
0.62	-5.46567	-8.09039	26.111
0.63	-5.71613	-8.12221	25.8716
0.64	-5.94673	-8.1716	25.6599
0.65	-6.16097	-8.23737	25.475
0.66	-6.36189	-8.31819	25.3163
0.67	-6.55211	-8.41264	25.1833
0.68	-6.73388	-8.51918	25.0758
0.69	-6.90907	-8.6362	24.9934
0.7	-7.07922	-8.762	24.9362
0.71	-7.24555	-8.8948	24.9042
0.72	-7.40899	-9.03276	24.8971
0.73	-7.57023	-9.17395	24.9149
0.74	-7.72967	-9.31637	24.9574
0.75	-7.88751	-9.45797	25.0242
0.76	-8.04371	-9.59661	25.1148
0.77	-8.19804	-9.73013	25.2286
0.78	-8.35008	-9.85633	25.3647
0.79	-8.49925	-9.97302	25.5219
0.8	-8.6448	-10.078	25.6988
0.81	-8.78587	-10.1692	25.8938
0.82	-8.92145	-10.2446	26.1047
0.83	-9.05049	-10.3024	26.3295
0.84	-9.17183	-10.3409	26.5653
0.85	-9.2843	-10.3587	26.8095
0.86	-9.38671	-10.3547	27.0589
0.87	-9.47791	-10.3282	27.3103
0.88	-9.55679	-10.2789	27.5601
0.89	-9.62235	-10.2067	27.805
0.9	-9.6737	-10.1123	28.0414
0.91	-9.71011	-9.99647	28.2659
0.92	-9.73102	-9.86072	28.4753
0.93	-9.7361	-9.70681	28.6664
0.94	-9.72522	-9.53689	28.8366
0.95	-9.69849	-9.35342	28.9835
0.96	-9.65627	-9.15912	29.1052
0.97	-9.59912	-8.95686	29.2002
0.98	-9.52787	-8.74961	29.2676
0.99	-9.44352	-8.54035	29.3068
1	-9.34728	-8.332	29.3178
1.01	-9.2405	-8.12735	29.301
1.02	-9.12468	-7.92898	29.2573
1.03	-9.00139	-7.73926	29.1878
1.04	-8.87227	-7.56027	29.094
1.05	-8.739	-7.39381	28.9778
1.06	-8.60323	-7.24137	28.841
1.07	-8.46662	-7.10413	28.6858
1.08	-8.33073	-6.98301	28.5142
1.09	-8.19706	-6.87863	28.3286
1.1	-8.06702	-6.79139	28.1311
1.11	-7.94191	-6.72147	27.924
1.12	-7.82291	-6.66886	27.7095
1.13	-7.71108	-6.63338	27.4896
1.14	-7.60735	-6.61474	27.2664
1.15	-7.51253	-6.61255	27.0418
1.16	-7.42733	-6.62632	26.8177
1.17	-7.35231	-6.65552	26.5959
1.18	-7.28795	-6.69957	26.3779
1.19	-7.23461	-6.75787	26.1655
1.2	-7.19258	-6.82977	25.9602
1.21	-7.16203	-6.91464	25.7634
1.22	-7.14308	-7.0118	25.5766
1.23	-7.13576	-7.12058	25.401
1.24	-7.14003	-7.24027	25.2381
1.25	-7.15579	-7.37016	25.0889
1.26	-7.18289	-7.50949	24.9548
1.27	-7.2211	-7.65744	24.8368
1.28	-7.27014	-7.81318	24.7361
1.29	-7.32969	-7.97577	24.6536
1.3	-7.39934	-8.14423	24.5904
1.31	-7.47865	-8.31747	24.5474
1.32	-7.56709	-8.4943	24.5253
1.33	-7.66407	-8.67343	24.525
1.34	-7.76894	-8.85347	24.5469
1.35	-7.88096	-9.03288	24.5915
1.36	-7.99931	-9.21002	24.6591
1.37	-8.12308	-9.38313	24.7499
1.38	-8.2513	-9.55032	24.8636
1.39	-8.38287	-9.70964	24.9999
1.4	-8.51663	-9.85903	25.1582
1.41	-8.65133	-9.99642	25.3375
1.42	-8.78563	-10.1197	25.5365
1.43	-8.91813	-10.2268	25.7537
1.44	-9.04735	-10.3157	25.9871
1.45	-9.1718	-10.3846	26.2343
1.46	-9.28992	-10.4318	26.4928
1.47	-9.40018	-10.4559	26.7595
1.48	-9.50108	-10.4558	27.0313
1.49	-9.59115	-10.4308	27.3047
1.5	-9.66904	-10.3806	27.5759
1.51	-9.73349	-10.3052	27.8413
1.52	-9.78343	-10.2054	28.0971
1.53	-9.81793	-10.0821	28.3397
1.54	-9.83632	-9.93707	28.5654
1.55	-9.83814	-9.77221	28.7711
1.56	-9.8232	-9.58997	28.9538
1.57	-9.79156	-9.3931	29.1111
1.58	-9.74357	-9.1846	29.2408
1.59	-9.67983	-8.96767	29.3416
1.6	-9.6012	-8.74558	29.4123
1.61	-9.50876	-8.5216	29.4525
1.62	-9.40382	-8.29893	29.4623
1.63	-9.28783	-8.08059	29.4422
1.64	-9.1624	-7.86937	29.3933
1.65	-9.02925	-7.66781	29.3168
1.66	-8.89013	-7.47812	29.2146
1.67	-8.74685	-7.30216	29.0885
1.68	-8.60119	-7.1415	28.9408
1.69	-8.45491	-6.99733	28.7737
1.7	-8.30967	-6.87054	28.5896
1.71	-8.16707	-6.76174	28.3909
1.72	-8.02858	-6.67127	28.18
1.73	-7.89558	-6.59922	27.9592
1.74	-7.76929	-6.54553	27.731
1.75	-7.6508	-6.50993	27.4974
1.76	-7.54109	-6.49207	27.2606
1.77	-7.44097	-6.49145	27.0226
1.78	-7.35116	-6.50754	26.7854
1.79	-7.27223	-6.53974	26.5508
1.8	-7.20464	-6.58741	26.3205
1.81	-7.14876	-6.6499	26.0962
1.82	-7.10485	-6.72652	25.8795
1.83	-7.07308	-6.81662	25.6718
1.84	-7.05354	-6.9195	25.4746
1.85	-7.04625	-7.03446	25.2892
1.86	-7.05116	-7.1608	25.1171
1.87	-7.06816	-7.29779	24.9595
1.88	-7.09707	-7.44466	24.8176
1.89	-7.13766	-7.60061	24.6926
1.9	-7.18965	-7.7648	24.5857
1.91	-7.25268	-7.93629	24.4979
1.92	-7.32635	-8.11407	24.4303
1.93	-7.41021	-8.29706	24.3839
1.94	-7.50371	-8.48405	24.3595
1.95	-7.60626	-8.67371	24.358
1.96	-7.71718	-8.8646	24.38
1.97	-7.83572	-9.05512	24.426
1.98	-7.96104	-9.24355	24.4964
1.99	-8.0922	-9.42803	24.5914
2	-8.22818	-9.60658	24.7108
2.01	-8.36786	-9.7771	24.8544
2.02	-8.51001	-9.93738	25.0216
2.03	-8.65331	-10.0852	25.2113
2.04	-8.79636	-10.2182	25.4224
2.05	-8.93766	-10.3342	25.6531
2.06	-9.07565	-10.4309	25.9015
2.07	-9.20871	-10.5063	26.165
2.08	-9.33518	-10.5586	26.441
2.09	-9.4534	-10.5861	26.7262
2.1	-9.56174	-10.5876	27.0171
2.11	-9.6586	-10.5623	27.3099
2.12	-9.7425	-10.5097	27.6008
2.13	-9.81207	-10.4298	27.8857
2.14	-9.86611	-10.3235	28.1603
2.15	-9.90361	-10.1918	28.4208
2.16	-9.9238	-10.0364	28.6633
2.17	-9.92619	-9.85948	28.8841
2.18	-9.91053	-9.66374	29.0802
2.19	-9.8769	-9.45218	29.2488
2.2	-9.82566	-9.2281	29.3876
2.21	-9.75746	-8.99501	29.4951
2.22	-9.67324	-8.7565	29.5701
2.23	-9.57417	-8.51616	29.6123
2.24	-9.46169	-8.27746	29.6217
2.25	-9.33737	-8.0437	29.5991
2.26	-9.20299	-7.81791	29.5455
2.27	-9.06039	-7.60279	29.4625
2.28	-8.91149	-7.40072	29.3521
2.29	-8.75824	-7.21366	29.2163
2.3	-8.60257	-7.04322	29.0577
2.31	-8.44636	-6.89063	28.8786
2.32	-8.29141	-6.75679	28.6816
2.33	-8.13942	-6.64225	28.4695
2.34	-7.99195	-6.5473	28.2447
2.35	-7.85046	-6.47198	28.0097
2.36	-7.71623	-6.41613	27.767
2.37	-7.59041	-6.37941	27.519
2.38	-7.474	-6.36137	27.2678
2.39	-7.36786	-6.36146	27.0156
2.4	-7.2727	-6.37904	26.7644
2.41	-7.1891	-6.41346	26.516
2.42	-7.11754	-6.46402	26.2723
2.43	-7.05838	-6.53001	26.0349
2.44	-7.01185	-6.61073	25.8056
2.45	-6.97813	-6.70547	25.5857
2.46	-6.9573	-6.81352	25.3768
2.47	-6.94936	-6.93417	25.1803
2.48	-6.95425	-7.06671	24.9976
2.49	-6.97184	-7.21041	24.8299
2.5	-7.00195	-7.36452	24.6787
2.51	-7.04434	-7.52824	24.5451
2.52	-7.09871	-7.70072	24.4303
2.53	-7.16472	-7.88105	24.3355
2.54	-7.24196	-8.06822	24.2617
2.55	-7.32996	-8.26114	24.2101
2.56	-7.42818	-8.45859	24.1816
2.57	-7.53602	-8.65923	24.1771
2.58	-7.6528	-8.86157	24.1974
2.59	-7.77775	-9.06398	24.243
2.6	-7.91002	-9.26466	24.3145
2.61	-8.04866	-9.46167	24.412
2.62	-8.1926	-9.65292	24.5356
2.63	-8.3407	-9.83616	24.6851
2.64	-8.49167	-10.0091	24.86
2.65	-8.64415	-10.1691	25.0592
2.66	-8.79665	-10.3139	25.2816
2.67	-8.94759	-10.441	25.5254
2.68	-9.09531	-10.5478	25.7887
2.69	-9.23808	-10.6321	26.0688
2.7	-9.37412	-10.6918	26.3627
2.71	-9.50163	-10.7251	26.6672
2.72	-9.61883	-10.7305	26.9786
2.73	-9.72399	-10.7069	27.2926
2.74	-9.81546	-10.6539	27.6052
2.75	-9.89172	-10.5713	27.9118
2.76	-9.95143	-10.4599	28.2079
2.77	-9.99347	-10.3208	28.4892
2.78	-10.017	-10.1558	28.7513
2.79	-10.0213	-9.96724	28.9904
2.8	-10.0062	-9.75802	29.2029
2.81	-9.97175	-9.53144	29.3859
2.82	-9.91824	-9.2911	29.5368
2.83	-9.8464	-9.04086	29.6538
2.84	-9.75721	-8.78467	29.7358
2.85	-9.65196	-8.52647	29.7824
2.86	-9.53217	-8.27007	29.7937
2.87	-9.39959	-8.01909	29.7703
2.88	-9.25611	-7.77682	29.7137
2.89	-9.10376	-7.54621	29.6255
2.9	-8.94462	-7.32979	29.5079
2.91	-8.7808	-7.12969	29.3633
2.92	-8.6144	-6.9476	29.1942
2.93	-8.44743	-6.78478	29.0034
2.94	-8.28185	-6.64214	28.7938
2.95	-8.11947	-6.52022	28.5681
2.96	-7.96197	-6.41924	28.3291
2.97	-7.8109	-6.33919	28.0795
2.98	-7.6676	-6.2798	27.8219
2.99	-7.5333	-6.24068	27.5587
3	-7.40905	-6.22126	27.2924
3.01	-7.29572	-6.22091	27.025
3.02	-7.19406	-6.23893	26.7587
3.03	-7.10467	-6.27457	26.4955
3.04	-7.02801	-6.32707	26.2372
3.05	-6.96446	-6.39569	25.9855
3.06	-6.91424	-6.47966	25.7421
3.07	-6.87752	-6.57825	25.5086
3.08	-6.85437	-6.69073	25.2865
3.09	-6.84478	-6.81639	25.0772
3.1	-6.84868	-6.9545	24.8821
3.11	-6.86593	-7.10435	24.7027
3.12	-6.89635	-7.26519	24.5402
3.13	-6.93968	-7.43625	24.3959
3.14	-6.99565	-7.6167	24.2712
3.15	-7.06388	-7.80564	24.1672
3.16	-7.14398	-8.00209	24.0851
3.17	-7.23549	-8.20497	24.026
3.18	-7.33786	-8.41307	23.9911
3.19	-7.45051	-8.62504	23.9813
3.2	-7.57275	-8.83938	23.9974
3.21	-7.70381	-9.05443	24.0402
3.22	-7.84285	-9.26835	24.1104
3.23	-7.98889	-9.47911	24.2083
3.24	-8.14087	-9.68452	24.3339
3.25	-8.29759	-9.88221	24.4873
3.26	-8.45776	-10.0697	24.668
3.27	-8.61995	-10.2443	24.8751
3.28	-8.78261	-10.4034	25.1075
3.29	-8.94408	-10.5441	25.3635
3.3	-9.10261	-10.6639	25.6409
3.31	-9.25634	-10.7602	25.9373
3.32	-9.40337	-10.8304	26.2496
3.33	-9.54175	-10.8726	26.5742
3.34	-9.66955	-10.8849	26.9071
3.35	-9.78485	-10.8661	27.2441
3.36	-9.88584	-10.8155	27.5805
3.37	-9.97082	-10.7327	27.9115
3.38	-10.0383	-10.6184	28.2322
3.39	-10.0869	-10.4738	28.5376
3.4	-10.1157	-10.3006	28.8231
3.41	-10.124	-10.1013	29.0844
3.42	-10.1113	-9.87908	29.3174
3.43	-10.0776	-9.63743	29.5187
3.44	-10.0233	-9.38034	29.6857
3.45	-9.9491	-9.11201	29.8161
3.46	-9.85599	-8.8368	29.9088
3.47	-9.74534	-8.55905	29.9632
3.48	-9.6188	-8.28299	29.9793
3.49	-9.47824	-8.01259	29.9581
3.5	-9.32571	-7.75149	29.9008
3.51	-9.16342	-7.50293	29.8094
3.52	-8.99364	-7.26968	29.6863
3.53	-8.81864	-7.05404	29.534
3.54	-8.64071	-6.85782	29.3555
3.55	-8.46205	-6.68239	29.1538
3.56	-8.28476	-6.52865	28.9318
3.57	-8.11081	-6.39715	28.6927
3.58	-7.942	-6.28807	28.4394
3.59	-7.77999	-6.20133	28.1748
3.6	-7.62624	-6.13658	27.9017
3.61	-7.48203	-6.09333	27.6227
3.62	-7.34846	-6.07093	27.3403
3.63	-7.22649	-6.06864	27.0568
3.64	-7.11687	-6.08567	26.7744
3.65	-7.02022	-6.1212	26.4951
3.66	-6.93704	-6.17439	26.2207
3.67	-6.86767	-6.24444	25.9532
3.68	-6.81237	-6.33053	25.6942
3.69	-6.77128	-6.43189	25.4453
3.7	-6.74447	-6.54779	25.2081
3.71	-6.73193	-6.67748	24.9841
3.72	-6.73357	-6.82027	24.7747
3.73	-6.74925	-6.97542	24.5813
3.74	-6.77879	-7.14223	24.4052
3.75	-6.82193	-7.31995	24.248
3.76	-6.87838	-7.50777	24.1108
3.77	-6.94779	-7.70484	23.9949
3.78	-7.02977	-7.91022	23.9017
3.79	-7.12387	-8.12286	23.8324
3.8	-7.22955	-8.34157	23.788
3.81	-7.34625	-8.56503	23.7699
3.82	-7.47329	-8.79176	23.7788
3.83	-7.60992	-9.02009	23.8158
3.84	-7.7553	-9.24814	23.8816
3.85	-7.90846	-9.47384	23.9767
3.86	-8.06835	-9.69493	24.1014
3.87	-8.23375	-9.90893	24.2558
3.88	-8.40335	-10.1132	24.4396
3.89	-8.57569	-10.3049	24.6522
3.9	-8.74917	-10.4811	24.8924
3.91	-8.92206	-10.6389	25.1586
3.92	-9.09251	-10.7752	25.449
3.93	-9.25857	-10.8871	25.7608
3.94	-9.4182	-10.9718	26.0911
3.95	-9.5693	-11.027	26.436
3.96	-9.70975	-11.0505	26.7915
3.97	-9.83746	-11.0406	27.153
3.98	-9.9504	-10.9962	27.5155
3.99	-10.0467	-10.917	27.8738
4	-10.1245	-10.8032	28.2224
4.01	-10.1825	-10.6559	28.5561
4.02	-10.2193	-10.4769	28.8695
4.03	-10.2341	-10.2687	29.1578
4.04	-10.2263	-10.0346	29.4163
4.05	-10.1958	-9.77847	29.6414
4.06	-10.1429	-9.50449	29.8296
4.07	-10.0682	-9.21733	29.9788
4.08	-9.97284	-8.92179	30.0871
4.09	-9.85812	-8.62267	30.1539
4.1	-9.72583	-8.32468	30.1793
4.11	-9.57796	-8.03225	30.164
4.12	-9.41674	-7.74943	30.1096
4.13	-9.24454	-7.47984	30.018
4.14	-9.06382	-7.22657	29.8919
4.15	-8.8771	-6.99215	29.7341
4.16	-8.68683	-6.77861	29.5478
4.17	-8.49544	-6.58741	29.3362
4.18	-8.30521	-6.41955	29.1027
4.19	-8.11828	-6.27556	28.8505
4.2	-7.93663	-6.15563	28.583
4.21	-7.76205	-6.0596	28.3033
4.22	-7.59611	-5.98705	28.0143
4.23	-7.4402	-5.93739	27.7188
4.24	-7.29551	-5.90987	27.4195
4.25	-7.16304	-5.90365	27.1188
4.26	-7.0436	-5.91782	26.8189
4.27	-6.93785	-5.95147	26.5221
4.28	-6.84629	-6.00368	26.2302
4.29	-6.7693	-6.07357	25.9451
4.3	-6.70713	-6.16028	25.6687
4.31	-6.65991	-6.263	25.4025
4.32	-6.62773	-6.38093	25.1481
4.33	-6.61054	-6.51336	24.907
4.34	-6.60827	-6.65956	24.6808
4.35	-6.62078	-6.81883	24.4709
4.36	-6.64787	-6.99049	24.2786
4.37	-6.6893	-7.17382	24.1054
4.38	-6.74476	-7.36807	23.9527
4.39	-6.81394	-7.57243	23.8219
4.4	-6.89645	-7.78603	23.7143
4.41	-6.99184	-8.00786	23.6311
4.42	-7.09963	-8.23681	23.5738
4.43	-7.21926	-8.47162	23.5435
4.44	-7.35008	-8.71082	23.5414
4.45	-7.49138	-8.95279	23.5686
4.46	-7.64234	-9.19567	23.6259
4.47	-7.80202	-9.43737	23.7142
4.48	-7.96938	-9.67558	23.8339
4.49	-8.14323	-9.90776	23.9854
4.5	-8.32225	-10.1311	24.1684
4.51	-8.50497	-10.3427	24.3828
4.52	-8.68977	-10.5394	24.6274
4.53	-8.87486	-10.7178	24.9011
4.54	-9.05834	-10.8748	25.2018
4.55	-9.23814	-11.0071	25.5272
4.56	-9.41211	-11.1113	25.8741
4.57	-9.57798	-11.1848	26.2388
4.58	-9.73347	-11.2248	26.6172
4.59	-9.87627	-11.2293	27.0043
4.6	-10.0041	-11.1968	27.3949
4.61	-10.1148	-11.1263	27.7834
4.62	-10.2065	-11.018	28.1639
4.63	-10.2772	-10.8725	28.5304
4.64	-10.3256	-10.6916	28.8771
4.65	-10.3505	-10.4776	29.1983
4.66	-10.3511	-10.2341	29.4889
4.67	-10.3272	-9.96486	29.7443
4.68	-10.2788	-9.67462	29.9609
4.69	-10.2065	-9.36839	30.1355
4.7	-10.1113	-9.05144	30.2663
4.71	-9.9946	-8.72914	30.3521
4.72	-9.85827	-8.40673	30.3928
4.73	-9.70437	-8.08922	30.3891
4.74	-9.5353	-7.78119	30.3425
4.75	-9.3536	-7.48675	30.2551
4.76	-9.16196	-7.20942	30.1298
4.77	-8.9631	-6.95208	29.9696
4.78	-8.75975	-6.71703	29.778
4.79	-8.55455	-6.50595	29.5586
4.8	-8.35001	-6.31994	29.3149
4.81	-8.14851	-6.15962	29.0508
4.82	-7.9522	-6.02516	28.7696
4.83	-7.76306	-5.91638	28.4748
4.84	-7.58282	-5.83278	28.1696
4.85	-7.41301	-5.77367	27.857
4.86	-7.25492	-5.73819	27.5399
4.87	-7.10963	-5.72538	27.2209
4.88	-6.97803	-5.73421	26.9022
4.89	-6.86083	-5.76366	26.5863
4.9	-6.75857	-5.81271	26.2751
4.91	-6.67163	-5.88038	25.9706
4.92	-6.60029	-5.96574	25.6746
4.93	-6.5447	-6.06791	25.3888
4.94	-6.50492	-6.18608	25.1148
4.95	-6.48092	-6.31949	24.8541
4.96	-6.47262	-6.46741	24.6083
4.97	-6.47987	-6.62917	24.3789
4.98	-6.50247	-6.80411	24.1672
4.99	-6.54018	-6.99155	23.9748
5	-6.59273	-7.19081	23.8031
5.01	-6.65979	-7.40114	23.6535
5.02	-6.74099	-7.62175	23.5274
5.03	-6.83592	-7.85172	23.4263
5.04	-6.94413	-8.09004	23.3516
5.05	-7.06509	-8.33552	23.3046
5.06	-7.1982	-8.5868	23.2866
5.07	-7.34279	-8.84232	23.2989
5.08	-7.49808	-9.10029	23.3427
5.09	-7.6632	-9.35867	23.4188
5.1	-7.83714	-9.61515	23.5282
5.11	-8.01877	-9.86717	23.6713
5.12	-8.20679	-10.1119	23.8483
5.13	-8.39975	-10.3462	24.0592
5.14	-8.59604	-10.5668	24.3034
5.15	-8.79387	-10.7701	24.5798
5.16	-8.99127	-10.9527	24.8868
5.17	-9.18612	-11.1107	25.2221
5.18	-9.37615	-11.2405	25.5829
5.19	-9.55898	-11.3388	25.9655
5.2	-9.73212	-11.4024	26.3658
5.21	-9.89305	-11.4286	26.7787
5.22	-10.0393	-11.4153	27.1988
5.23	-10.1683	-11.3611	27.6201
5.24	-10.2779	-11.2653	28.0361
5.25	-10.3658	-11.1283	28.4404
5.26	-10.4304	-10.9514	28.8263
5.27	-10.4701	-10.7369	29.1875
5.28	-10.4839	-10.4881	29.5181
5.29	-10.4711	-10.209	29.8125
5.3	-10.4316	-9.90451	30.0662
5.31	-10.3658	-9.58	30.2756
5.32	-10.2746	-9.24128	30.4379
5.33	-10.1593	-8.89431	30.5516
5.34	-10.0217	-8.54501	30.6161
5.35	-9.86402	-8.19906	30.6319
5.36	-9.68877	-7.86175	30.6004
5.37	-9.49867	-7.53783	30.5238
5.38	-9.29664	-7.23138	30.4049
5.39	-9.08564	-6.94582	30.2472
5.4	-8.86868	-6.68384	30.0543
5.41	-8.64867	-6.44745	29.8302
5.42	-8.42841	-6.23797	29.5789
5.43	-8.21055	-6.05617	29.3044
5.44	-7.9975	-5.90226	29.0107
5.45	-7.79146	-5.77607	28.7014
5.46	-7.59438	-5.67706	28.3801
5.47	-7.40795	-5.60442	28.0502
5.48	-7.23363	-5.55718	27.7145
5.49	-7.07262	-5.53424	27.376
5.5	-6.92591	-5.53445	27.0373
5.51	-6.79429	-5.55663	26.7007
5.52	-6.67835	-5.59964	26.3683
5.53	-6.57852	-5.66237	26.0422
5.54	-6.49509	-5.7438	25.7243
5.55	-6.42824	-5.84297	25.4163
5.56	-6.37802	-5.95899	25.1199
5.57	-6.34442	-6.09108	24.8367
5.58	-6.32734	-6.2385	24.5682
5.59	-6.32664	-6.40056	24.3158
5.6	-6.34212	-6.57664	24.0812
5.61	-6.37353	-6.76611	23.8657
5.62	-6.42062	-6.96834	23.6708
5.63	-6.48307	-7.18268	23.4981
5.64	-6.56053	-7.40844	23.349
5.65	-6.65264	-7.64481	23.225
5.66	-6.75895	-7.8909	23.1276
5.67	-6.87901	-8.14567	23.0583
5.68	-7.01227	-8.40788	23.0186
5.69	-7.15811	-8.67612	23.0099
5.7	-7.31584	-8.94872	23.0336
5.71	-7.48466	-9.22376	23.091
5.72	-7.66363	-9.49901	23.183
5.73	-7.8517	-9.77197	23.3107
5.74	-8.04765	-10.0398	23.4745
5.75	-8.2501	-10.2994	23.6748
5.76	-8.45747	-10.5473	23.9114
5.77	-8.66802	-10.7798	24.1837
5.78	-8.87978	-10.993	24.4905
5.79	-9.09062	-11.1829	24.83
5.8	-9.2982	-11.3453	25.1995
5.81	-9.50002	-11.4764	25.5959
5.82	-9.69346	-11.5723	26.0149
5.83	-9.87578	-11.6295	26.4519
5.84	-10.0442	-11.6452	26.9011
5.85	-10.196	-11.6172	27.3564
5.86	-10.3285	-11.544	27.811
5.87	-10.4392	-11.4252	28.2577
5.88	-10.5258	-11.2616	28.6892
5.89	-10.5864	-11.0549	29.0983
5.9	-10.6196	-10.8081	29.478
5.91	-10.6242	-10.525	29.8218
5.92	-10.5999	-10.2106	30.124
5.93	-10.5465	-9.87067	30.38
5.94	-10.4648	-9.51137	30.5861
5.95	-10.356	-9.13933	30.7398
5.96	-10.2216	-8.76122	30.84
5.97	-10.064	-8.38356	30.8866
5.98	-9.88564	-8.01251	30.8807
5.99	-9.68945	-7.65367	30.8244
6	-9.47854	-7.31195	30.7205
6.01	-9.25617	-6.99148	30.5726
6.02	-9.02562	-6.69558	30.3847
6.03	-8.79016	-6.42676	30.1611
6.04	-8.55292	-6.18673	29.9063
6.05	-8.31689	-5.97651	29.6247
6.06	-8.08481	-5.7965	29.3207
6.07	-7.85918	-5.64658	28.9985
6.08	-7.64224	-5.52619	28.6619
6.09	-7.43592	-5.43446	28.3146
6.1	-7.2419	-5.3703	27.96
6.11	-7.06155	-5.33246	27.6013
6.12	-6.89603	-5.31961	27.2411
6.13	-6.74623	-5.33041	26.8821
6.14	-6.61283	-5.36355	26.5265
6.15	-6.49634	-5.41776	26.1766
6.16	-6.39709	-5.49188	25.8343
6.17	-6.31528	-5.58483	25.5014
6.18	-6.25098	-5.69563	25.1796
6.19	-6.20419	-5.82341	24.8705
6.2	-6.17481	-5.9674	24.5757
6.21	-6.1627	-6.1269	24.2967
6.22	-6.16764	-6.30128	24.035
6.23	-6.18942	-6.48996	23.7921
6.24	-6.22774	-6.69238	23.5695
6.25	-6.28233	-6.90798	23.3687
6.26	-6.35286	-7.13617	23.1912
6.27	-6.43898	-7.37629	23.0386
6.28	-6.54031	-7.62761	22.9124
6.29	-6.65643	-7.88926	22.8144
6.3	-6.78686	-8.1602	22.7461
6.31	-6.93108	-8.43922	22.7091
6.32	-7.08847	-8.72485	22.705
6.33	-7.25833	-9.01536	22.7352
6.34	-7.43985	-9.30874	22.8013
6.35	-7.63208	-9.60263	22.9045
6.36	-7.83392	-9.89433	23.0457
6.37	-8.04412	-10.1808	23.2258
6.38	-8.26121	-10.4586	23.4451
6.39	-8.48355	-10.7239	23.7036
6.4	-8.70925	-10.9728	24.0007
6.41	-8.93621	-11.2008	24.335
6.42	-9.16212	-11.4034	24.7048
6.43	-9.38443	-11.5761	25.1071
6.44	-9.60043	-11.7145	25.5385
6.45	-9.80722	-11.8141	25.9943
6.46	-10.0018	-11.8712	26.4693
6.47	-10.1811	-11.8826	26.9572
6.48	-10.3421	-11.8457	27.4511
6.49	-10.4819	-11.759	27.9432
6.5	-10.5976	-11.6223	28.4258
6.51	-10.6869	-11.4363	28.8905
6.52	-10.7476	-11.2033	29.3293
6.53	-10.7782	-10.9266	29.7345
6.54	-10.7775	-10.611	30.0989
6.55	-10.745	-10.2622	30.4166
6.56	-10.681	-9.88664	30.6823
6.57	-10.5863	-9.49162	30.8925
6.58	-10.4622	-9.08454	31.0448
6.59	-10.3109	-8.67292	31.1382
6.6	-10.1348	-8.26396	31.1732
6.61	-9.93683	-7.8644	31.1513
6.62	-9.72036	-7.48026	31.0754
6.63	-9.48887	-7.11671	30.9488
6.64	-9.24596	-6.77802	30.7759
6.65	-8.99529	-6.46747	30.5613
6.66	-8.74039	-6.18745	30.31
6.67	-8.48467	-5.93946	30.0268
6.68	-8.23131	-5.72423	29.7168
6.69	-7.98321	-5.54184	29.3846
6.7	-7.74298	-5.39182	29.0347
6.71	-7.51292	-5.27327	28.6712
6.72	-7.29499	-5.18501	28.298
6.73	-7.09087	-5.12563	27.9186
6.74	-6.90189	-5.09362	27.536
6.75	-6.72916	-5.08742	27.1531
6.76	-6.5735	-5.1055	26.7725
6.77	-6.43553	-5.14639	26.3964
6.78	-6.31564	-5.2087	26.027
6.79	-6.21411	-5.2912	25.6662
6.8	-6.13104	-5.39274	25.3157
6.81	-6.06643	-5.51234	24.9772
6.82	-6.02021	-5.64913	24.6523
6.83	-5.99221	-5.80236	24.3425
6.84	-5.98223	-5.97136	24.0494
6.85	-5.99003	-6.15557	23.7743
6.86	-6.01533	-6.35449	23.5188
6.87	-6.05785	-6.56761	23.2845
6.88	-6.11728	-6.79449	23.0728
6.89	-6.19329	-7.0346	22.8853
6.9	-6.28553	-7.28738	22.7236
6.91	-6.39365	-7.55219	22.5895
6.92	-6.51723	-7.82823	22.4847
6.93	-6.65583	-8.11455	22.4109
6.94	-6.80895	-8.40996	22.3698
6.95	-6.97601	-8.71306	22.3633
6.96	-7.15634	-9.0221	22.393
6.97	-7.34914	-9.33506	22.4605
6.98	-7.55349	-9.6495	22.5674
6.99	-7.7683	-9.96261	22.7149
7	-7.99231	-10.2712	22.904
7.01	-8.22403	-10.5715	23.1354
7.02	-8.46176	-10.8596	23.4092
7.03	-8.70354	-11.1309	23.725
7.04	-8.94718	-11.3807	24.0816
7.05	-9.1902	-11.604	24.4773
7.06	-9.4299	-11.7957	24.9091
7.07	-9.66333	-11.9506	25.3735
7.08	-9.88733	-12.0639	25.8655
7.09	-10.0986	-12.131	26.3795
7.1	-10.2938	-12.1482	26.9086
7.11	-10.4695	-12.1124	27.4453
7.12	-10.6224	-12.0218	27.981
7.13	-10.7495	-11.8759	28.5068
7.14	-10.8478	-11.6753	29.0137
7.15	-10.9151	-11.4225	29.4924
7.16	-10.9494	-11.1212	29.9343
7.17	-10.9496	-10.7766	30.3315
7.18	-10.915	-10.3953	30.6769
7.19	-10.8458	-9.98458	30.965
7.2	-10.7429	-9.55265	31.1917
7.21	-10.6079	-9.10795	31.3544
7.22	-10.4431	-8.65894	31.4524
7.23	-10.2512	-8.21374	31.4862
7.24	-10.0357	-7.77985	31.4578
7.25	-9.80016	-7.36394	31.3706
7.26	-9.54852	-6.97166	31.2288
7.27	-9.28482	-6.60756	31.0371
7.28	-9.01307	-6.2751	30.8011
7.29	-8.73721	-5.97664	30.5261
7.3	-8.46093	-5.7136	30.2179
7.31	-8.18769	-5.4865	29.8817
7.32	-7.92063	-5.29515	29.5229
7.33	-7.66253	-5.13877	29.1463
7.34	-7.41581	-5.01614	28.7562
7.35	-7.18253	-4.92574	28.3567
7.36	-6.96439	-4.86587	27.9515
7.37	-6.76277	-4.83471	27.5437
7.38	-6.57873	-4.83045	27.1364
7.39	-6.41307	-4.85133	26.732
7.4	-6.26634	-4.89571	26.3329
7.41	-6.13891	-4.96205	25.9411
7.42	-6.03095	-5.049	25.5585
7.43	-5.9425	-5.15535	25.1869
7.44	-5.8735	-5.28007	24.8279
7.45	-5.8238	-5.42226	24.4829
7.46	-5.79318	-5.58118	24.1536
7.47	-5.7814	-5.75623	23.8414
7.48	-5.78815	-5.94689	23.5476
7.49	-5.81314	-6.15271	23.2739
7.5	-5.85606	-6.37332	23.0217
7.51	-5.91659	-6.60835	22.7926
7.52	-5.99441	-6.85741	22.5881
7.53	-6.08919	-7.12008	22.4101
7.54	-6.20058	-7.39583	22.2602
7.55	-6.32822	-7.68402	22.1402
7.56	-6.47172	-7.98384	22.052
7.57	-6.63063	-8.29424	21.9976
7.58	-6.80443	-8.61394	21.979
7.59	-6.99251	-8.94133	21.9979
7.6	-7.19416	-9.27444	22.0565
7.61	-7.40853	-9.6109	22.1563
7.62	-7.63459	-9.94792	22.2991
7.63	-7.87115	-10.2822	22.4863
7.64	-8.11676	-10.61	22.7188
7.65	-8.36974	-10.927	22.9973
7.66	-8.62815	-11.2285	23.3217
7.67	-8.88975	-11.5093	23.6913
7.68	-9.15201	-11.7639	24.1046
7.69	-9.41208	-11.9865	24.5591
7.7	-9.66685	-12.1713	25.0513
7.71	-9.91294	-12.3126	25.5763
7.72	-10.1468	-12.4051	26.1283
7.73	-10.3646	-12.4439	26.7001
7.74	-10.5627	-12.4253	27.2836
7.75	-10.7372	-12.3464	27.8697
7.76	-10.8846	-12.2061	28.4484
7.77	-11.0016	-12.0046	29.0095
7.78	-11.0853	-11.7439	29.5425
7.79	-11.1335	-11.4278	30.0376
7.8	-11.1444	-11.0618	30.4853
7.81	-11.1171	-10.6529	30.8774
7.82	-11.0517	-10.2093	31.2074
7.83	-10.9489	-9.74003	31.4701
7.84	-10.8101	-9.2548	31.6624
7.85	-10.638	-8.76325	31.7831
7.86	-10.4354	-8.27471	31.8326
7.87	-10.206	-7.79782	31.8131
7.88	-9.95384	-7.34025	31.7284
7.89	-9.68332	-6.90849	31.583
7.9	-9.39891	-6.50777	31.3827
7.91	-9.1051	-6.14198	31.1333
7.92	-8.80627	-5.81378	30.8413
7.93	-8.50656	-5.52466	30.513
7.94	-8.20983	-5.2751	30.1544
7.95	-7.91955	-5.06475	29.7713
7.96	-7.6388	-4.89258	29.369
7.97	-7.37023	-4.75708	28.9526
7.98	-7.11609	-4.65639	28.5263
7.99	-6.87822	-4.58846	28.094
8	-6.65808	-4.55114	27.6592
8.01	-6.45678	-4.54231	27.2249
8.02	-6.27513	-4.55994	26.7937
8.03	-6.1137	-4.6021	26.3681
8.04	-5.97278	-4.66708	25.9501
8.05	-5.85253	-4.75334	25.5415
8.06	-5.75292	-4.85954	25.1442
8.07	-5.67384	-4.98454	24.7596
8.08	-5.61505	-5.12741	24.3892
8.09	-5.5763	-5.28737	24.0346
8.1	-5.55727	-5.46383	23.697
8.11	-5.55761	-5.65632	23.378
8.12	-5.57701	-5.86445	23.0789
8.13	-5.6151	-6.08795	22.8012
8.14	-5.67158	-6.32656	22.5465
8.15	-5.7461	-6.58006	22.3164
8.16	-5.83837	-6.84819	22.1126
8.17	-5.94806	-7.13062	21.9369
8.18	-6.07487	-7.42692	21.7911
8.19	-6.21846	-7.73651	21.6772
8.2	-6.37847	-8.0586	21.5973
8.21	-6.55447	-8.39215	21.5536
8.22	-6.74598	-8.7358	21.5482
8.23	-6.95241	-9.08786	21.5833
8.24	-7.17304	-9.44618	21.6611
8.25	-7.407	-9.80818	21.7835
8.26	-7.65323	-10.1707	21.9526
8.27	-7.91044	-10.5301	22.1699
8.28	-8.17711	-10.8822	22.4365
8.29	-8.45139	-11.2219	22.7533
8.3	-8.73116	-11.5441	23.1202
8.31	-9.01392	-11.8427	23.5364
8.32	-9.29684	-12.1113	24.0001
8.33	-9.57676	-12.3435	24.5085
8.34	-9.85015	-12.5326	25.0573
8.35	-10.1132	-12.672	25.641
8.36	-10.3619	-12.7557	26.2528
8.37	-10.592	-12.7784	26.8842
8.38	-10.7992	-12.736	27.5258
8.39	-10.9794	-12.6258	28.1668
8.4	-11.1286	-12.4466	28.7958
8.41	-11.2431	-12.1996	29.4011
8.42	-11.32	-11.8876	29.9709
8.43	-11.3568	-11.5158	30.494
8.44	-11.352	-11.0911	30.9604
8.45	-11.3049	-10.6222	31.3613
8.46	-11.2157	-10.119	31.6899
8.47	-11.0858	-9.59237	31.9416
8.48	-10.9173	-9.05345	32.1139
8.49	-10.7132	-8.51318	32.2065
8.5	-10.4774	-7.98188	32.2212
8.51	-10.2142	-7.46885	32.1616
8.52	-9.92844	-6.98207	32.0327
8.53	-9.62502	-6.52803	31.8405
8.54	-9.30906	-6.11167	31.592
8.55	-8.98554	-5.7364	31.2943
8.56	-8.6592	-5.40422	30.9546
8.57	-8.33448	-5.11588	30.5799
8.58	-8.01541	-4.87109	30.1769
8.59	-7.70554	-4.66871	29.7517
8.6	-7.40795	-4.50699	29.3099
8.61	-7.12526	-4.38375	28.8565
8.62	-6.85957	-4.29656	28.3957
8.63	-6.61258	-4.24287	27.9315
8.64	-6.38556	-4.22015	27.4672
8.65	-6.17944	-4.22597	27.0056
8.66	-5.99482	-4.25805	26.5491
8.67	-5.83205	-4.31434	26.1001
8.68	-5.69125	-4.39301	25.6603
8.69	-5.57238	-4.49249	25.2315
8.7	-5.47526	-4.61146	24.8152
8.71	-5.39961	-4.74882	24.4129
8.72	-5.34509	-4.90371	24.0259
8.73	-5.31133	-5.07547	23.6557
8.74	-5.29792	-5.26362	23.3034
8.75	-5.30447	-5.46781	22.9705
8.76	-5.3306	-5.68784	22.6584
8.77	-5.37593	-5.92357	22.3685
8.78	-5.44013	-6.17491	22.1024
8.79	-5.52289	-6.44182	21.8616
8.8	-5.62392	-6.72419	21.6481
8.81	-5.74294	-7.02187	21.4635
8.82	-5.8797	-7.3346	21.31
8.83	-6.03391	-7.66195	21.1897
8.84	-6.20529	-8.00327	21.1048
8.85	-6.39349	-8.35765	21.0576
8.86	-6.5981	-8.72383	21.0507
8.87	-6.81861	-9.10017	21.0865
8.88	-7.05438	-9.48454	21.1675
8.89	-7.3046	-9.8743	21.2961
8.9	-7.56827	-10.2662	21.4747
8.91	-7.84413	-10.6564	21.7052
8.92	-8.13066	-11.0402	21.9893
8.93	-8.42598	-11.4125	22.3281
8.94	-8.72789	-11.7672	22.7221
8.95	-9.03378	-12.0978	23.1707
8.96	-9.34063	-12.3971	23.6724
8.97	-9.64501	-12.6576	24.2243
8.98	-9.94309	-12.8715	24.8222
8.99	-10.2307	-13.0313	25.4601
9	-10.5032	-13.1298	26.1306
9.01	-10.756	-13.1607	26.8245
9.02	-10.9842	-13.1189	27.5309
9.03	-11.183	-13.001	28.2379
9.04	-11.3479	-12.8054	28.9325
9.05	-11.4746	-12.5331	29.601
9.06	-11.5597	-12.1874	30.2299
9.07	-11.6004	-11.774	30.8064
9.08	-11.5947	-11.3011	31.3188
9.09	-11.5419	-10.7787	31.7571
9.1	-11.4424	-10.2186	32.1138
9.11	-11.2975	-9.63328	32.3836
9.12	-11.1098	-9.03571	32.5642
9.13	-10.8829	-8.43855	32.6556
9.14	-10.6211	-7.85359	32.6604
9.15	-10.3295	-7.29131	32.5832
9.16	-10.0136	-6.76056	32.4301
9.17	-9.67897	-6.26836	32.2086
9.18	-9.33146	-5.81984	31.9267
9.19	-8.97663	-5.41835	31.5929
9.2	-8.61976	-5.06559	31.2153
9.21	-8.26572	-4.76184	30.802
9.22	-7.91889	-4.50623	30.3603
9.23	-7.58309	-4.29698	29.8969
9.24	-7.26157	-4.13171	29.4178
9.25	-6.95702	-4.00759	28.9282
9.26	-6.67159	-3.92161	28.4327
9.27	-6.40694	-3.87068	27.9351
9.28	-6.16427	-3.85183	27.4388
9.29	-5.94439	-3.86222	26.9466
9.3	-5.74778	-3.89928	26.4608
9.31	-5.57465	-3.96071	25.9835
9.32	-5.42496	-4.04449	25.5165
9.33	-5.29853	-4.14894	25.0613
9.34	-5.19503	-4.27265	24.6195
9.35	-5.11405	-4.4145	24.1921
9.36	-5.05512	-4.57366	23.7807
9.37	-5.01776	-4.7495	23.3862
9.38	-5.00148	-4.94162	23.01
9.39	-5.0058	-5.14978	22.6533
9.4	-5.03029	-5.37392	22.3174
9.41	-5.07454	-5.61404	22.0037
9.42	-5.1382	-5.87026	21.7137
9.43	-5.22096	-6.14272	21.449
9.44	-5.32256	-6.43155	21.2113
9.45	-5.44276	-6.73686	21.0025
9.46	-5.58137	-7.05863	20.8247
9.47	-5.73821	-7.39674	20.68
9.48	-5.91307	-7.75085	20.5709
9.49	-6.10575	-8.12036	20.4998
9.5	-6.31598	-8.50434	20.4695
9.51	-6.5434	-8.90149	20.4828
9.52	-6.78756	-9.31	20.5424
9.53	-7.04785	-9.72752	20.6515
9.54	-7.32345	-10.1511	20.8127
9.55	-7.61331	-10.5769	21.0288
9.56	-7.9161	-11.0006	21.3022
9.57	-8.23014	-11.4168	21.6348
9.58	-8.55336	-11.8194	22.0281
9.59	-8.88326	-12.2013	22.4824
9.6	-9.21689	-12.5549	22.9971
9.61	-9.55077	-12.8716	23.5705
9.62	-9.88096	-13.1426	24.1989
9.63	-10.203	-13.3589	24.8772
9.64	-10.5121	-13.5117	25.5982
9.65	-10.8029	-13.5928	26.3526
9.66	-11.0701	-13.595	27.1294
9.67	-11.3079	-13.513	27.9154
9.68	-11.5111	-13.3434	28.6963
9.69	-11.6745	-13.0855	29.4566
9.7	-11.7935	-12.7415	30.1804
9.71	-11.8644	-12.3165	30.8523
9.72	-11.8842	-11.8186	31.4577
9.73	-11.8515	-11.2587	31.984
9.74	-11.766	-10.6496	32.4211
9.75	-11.6286	-10.0058	32.7617
9.76	-11.4417	-9.34239	33.0019
9.77	-11.209	-8.67453	33.1407
9.78	-10.9351	-8.01649	33.1804
9.79	-10.6255	-7.38108	33.1257
9.8	-10.2864	-6.77923	32.9836
9.81	-9.92415	-6.21966	32.7626
9.82	-9.54548	-5.7088	32.472
9.83	-9.1568	-5.25084	32.1217
9.84	-8.76424	-4.84795	31.7214
9.85	-8.37346	-4.50051	31.2805
9.86	-7.98954	-4.20747	30.8075
9.87	-7.61693	-3.96666	30.3103
9.88	-7.25937	-3.77513	29.7956
9.89	-6.91996	-3.62944	29.2695
9.9	-6.60116	-3.52588	28.7371
9.91	-6.30481	-3.46072	28.2025
9.92	-6.03225	-3.43033	27.6693
9.93	-5.78435	-3.43128	27.1406
9.94	-5.56158	-3.46047	26.6187
9.95	-5.36409	-3.51514	26.1058
9.96	-5.19176	-3.59289	25.6034
9.97	-5.04429	-3.69171	25.1132
9.98	-4.92123	-3.80995	24.6364
9.99	-4.82203	-3.94629	24.1742
10	-4.74609	-4.09977	23.7276
