t	y1	y2	y3
0	1	1	1
0.01	1	1.26	0.983333
0.02	1.026	1.51757	0.969711
0.03	1.07516	1.77972	0.959422
0.04	1.14561	2.05265	0.952973
0.05	1.23632	2.34198	0.951075
0.06	1.34688	2.65297	0.954668
0.07	1.47749	2.99071	0.964942
0.08	1.62881	3.36024	0.983398
0.09	1.80196	3.76669	1.01191
0.1	1.99843	4.21534	1.0528
0.11	2.22012	4.71171	1.10896
0.12	2.46928	5.2616	1.184
0.13	2.74851	5.87115	1.28235
0.14	3.06078	6.54678	1.40952
0.15	3.40938	7.29518	1.57231
0.16	3.79796	8.12325	1.77911
0.17	4.23049	9.03788	2.04018
0.18	4.71123	10.0457	2.36812
0.19	5.24468	11.1528	2.77825
0.2	5.83549	12.3641	3.28909
0.21	6.48835	13.6825	3.92289
0.22	7.20777	15.1079	4.70605
0.23	7.99778	16.6358	5.66949
0.24	8.86157	18.2553	6.8488
0.25	9.80095	19.9471	8.28387
0.26	10.8156	21.68	10.018
0.27	11.902	23.4081	12.0956
0.28	13.0526	25.0669	14.5591
0.29	14.254	26.5706	17.4428
0.3	15.4857	27.8098	20.765
0.31	16.7181	28.6521	24.5178
0.32	17.9115	28.9477	28.6541
0.33	19.0151	28.5411	33.075
0.34	19.9677	27.2906	37.6201
0.35	20.7	25.0968	42.0662
0.36	21.1397	21.9341	46.1395
0.37	21.2191	17.8802	49.5459
0.38	20.8852	13.1295	52.0187
0.39	20.1097	7.98185	53.3737
0.4	18.8969	2.79948	53.5555
0.41	17.2871	-2.05771	52.6564
0.42	15.3527	-6.29951	50.8965
0.43	13.1874	-9.75173	48.5721
0.44	10.8935	-12.3671	45.9908
0.45	8.56746	-14.2033	43.4172
0.46	6.29038	-15.3821	41.0425
0.47	4.12313	-16.0487	38.9805
0.48	2.10594	-16.341	37.2793
0.49	0.261248	-16.373	35.941
0.5	-1.40218	-16.23	34.9398
0.51	-2.88496	-15.9704	34.2357
0.52	-4.19351	-15.6308	33.7835
0.53	-5.33724	-15.232	33.5381
0.54	-6.32671	-14.7841	33.4567
0.55	-7.17244	-14.291	33.4998
0.56	-7.8843	-13.7536	33.6315
0.57	-8.47123	-13.1721	33.8191
0.58	-8.94132	-12.5474	34.0331
0.59	-9.30193	-11.8825	34.2474
0.6	-9.55998	-11.1825	34.4394
0.61	-9.72224	-10.4551	34.5901
0.62	-9.79553	-9.70985	34.6842
0.63	-9.78696	-8.95801	34.7104
0.64	-9.70406	-8.21168	34.6615
0.65	-9.55483	-7.48313	34.5341
0.66	-9.34766	-6.78398	34.3282
0.67	-9.09129	-6.1246	34.0469
0.68	-8.79462	-5.51362	33.6958
0.69	-8.46652	-4.95756	33.2821
0.7	-8.11562	-4.46077	32.8143
0.71	-7.75014	-4.02545	32.3013
0.72	-7.37767	-3.65184	31.7519
0.73	-7.00509	-3.33852	31.1746
0.74	-6.63843	-3.08275	30.5772
0.75	-6.28286	-2.88084	29.9664
0.76	-5.94266	-2.72849	29.3483
0.77	-5.62124	-2.62108	28.7278
0.78	-5.32123	-2.55395	28.1091
0.79	-5.0445	-2.52261	27.4954
0.8	-4.79231	-2.52283	26.8895
0.81	-4.56536	-2.55083	26.2933
0.82	-4.36391	-2.60324	25.7086
0.83	-4.18784	-2.6772	25.1366
0.84	-4.03678	-2.77034	24.5785
0.85	-3.91013	-2.88075	24.0349
0.86	-3.8072	-3.00699	23.5066
0.87	-3.72717	-3.14799	22.9942
0.88	-3.66926	-3.30309	22.4984
0.89	-3.63264	-3.47193	22.0196
0.9	-3.61657	-3.65445	21.5585
0.91	-3.62036	-3.85087	21.1158
0.92	-3.64341	-4.06159	20.6921
0.93	-3.68523	-4.28723	20.2883
0.94	-3.74543	-4.52855	19.9053
0.95	-3.82374	-4.78645	19.5441
0.96	-3.92001	-5.06191	19.206
0.97	-4.0342	-5.35602	18.8922
0.98	-4.16638	-5.66989	18.6045
0.99	-4.31673	-6.00464	18.3446
1	-4.48552	-6.36139	18.1146
1.01	-4.67311	-6.74119	17.9169
1.02	-4.87992	-7.14497	17.7541
1.03	-5.10642	-7.57351	17.6294
1.04	-5.35313	-8.02734	17.546
1.05	-5.62055	-8.50669	17.5078
1.06	-5.90917	-9.01134	17.5191
1.07	-6.21938	-9.54056	17.5844
1.08	-6.5515	-10.0929	17.7088
1.09	-6.90565	-10.6662	17.8978
1.1	-7.28171	-11.2572	18.1571
1.11	-7.67926	-11.8614	18.4927
1.12	-8.09747	-12.4728	18.9104
1.13	-8.535	-13.0841	19.4161
1.14	-8.98992	-13.6859	20.0151
1.15	-9.45952	-14.2669	20.7117
1.16	-9.94026	-14.8137	21.5089
1.17	-10.4276	-15.3108	22.4079
1.18	-10.9159	-15.7408	23.4069
1.19	-11.3984	-16.0848	24.501
1.2	-11.867	-16.3227	25.681
1.21	-12.3126	-16.4347	26.9332
1.22	-12.7248	-16.4017	28.2385
1.23	-13.0925	-16.2073	29.5726
1.24	-13.404	-15.8394	30.9059
1.25	-13.6475	-15.2915	32.2049
1.26	-13.8119	-14.5647	33.433
1.27	-13.8872	-13.6686	34.5531
1.28	-13.8653	-12.6219	35.5299
1.29	-13.741	-11.4517	36.3325
1.3	-13.5121	-10.1922	36.9372
1.31	-13.1801	-8.88264	37.3294
1.32	-12.7503	-7.56419	37.5047
1.33	-12.2317	-6.27667	37.469
1.34	-11.6362	-5.05568	37.2376
1.35	-10.9782	-3.93022	36.8329
1.36	-10.2734	-2.92123	36.2821
1.37	-9.53815	-2.04116	35.6147
1.38	-8.78846	-1.29445	34.8597
1.39	-8.03905	-0.678644	34.0438
1.4	-7.30301	-0.185989	33.1906
1.41	-6.59131	0.194939	32.3191
1.42	-5.91269	0.477673	31.4444
1.43	-5.27365	0.676552	30.5776
1.44	-4.67863	0.805721	29.7265
1.45	-4.13019	0.878442	28.8961
1.46	-3.62933	0.906669	28.0893
1.47	-3.17573	0.900843	27.3073
1.48	-2.76807	0.869838	26.5505
1.49	-2.40428	0.821017	25.8184
1.5	-2.08175	0.760356	25.1102
1.51	-1.79754	0.692594	24.4248
1.52	-1.54853	0.621402	23.761
1.53	-1.33154	0.549546	23.1177
1.54	-1.14343	0.479041	22.494
1.55	-0.98118	0.411293	21.8886
1.56	-0.841933	0.347217	21.3009
1.57	-0.723018	0.287343	20.73
1.58	-0.621982	0.231906	20.1751
1.59	-0.536593	0.180917	19.6356
1.6	-0.464842	0.134226	19.1111
1.61	-0.404935	0.0915637	18.6008
1.62	-0.355285	0.0525874	18.1044
1.63	-0.314498	0.0169039	17.6214
1.64	-0.281358	-0.0159055	17.1515
1.65	-0.254813	-0.0462696	16.6942
1.66	-0.233958	-0.0746157	16.2491
1.67	-0.218024	-0.101362	15.816
1.68	-0.206358	-0.126912	15.3944
1.69	-0.198413	-0.151656	14.9842
1.7	-0.193738	-0.175964	14.5849
1.71	-0.19196	-0.200195	14.1963
1.72	-0.192784	-0.22469	13.8181
1.73	-0.195974	-0.249784	13.4501
1.74	-0.201355	-0.2758	13.0919
1.75	-0.2088	-0.303061	12.7433
1.76	-0.218226	-0.331886	12.4041
1.77	-0.229592	-0.362601	12.0741
1.78	-0.242893	-0.39554	11.7529
1.79	-0.258158	-0.431047	11.4405
1.8	-0.275446	-0.469487	11.1365
1.81	-0.294851	-0.511242	10.8408
1.82	-0.31649	-0.556723	10.5533
1.83	-0.340513	-0.606373	10.2736
1.84	-0.367099	-0.66067	10.0017
1.85	-0.396456	-0.720135	9.73741
1.86	-0.428824	-0.785336	9.48061
1.87	-0.464475	-0.856899	9.23116
1.88	-0.503718	-0.935506	8.98897
1.89	-0.546896	-1.02191	8.75398
1.9	-0.594398	-1.11695	8.52613
1.91	-0.646653	-1.22153	8.3054
1.92	-0.704141	-1.33667	8.09183
1.93	-0.767394	-1.46349	7.88546
1.94	-0.837004	-1.60321	7.68641
1.95	-0.913624	-1.7572	7.49486
1.96	-0.997982	-1.92697	7.31105
1.97	-1.09088	-2.11417	7.13532
1.98	-1.19321	-2.32064	6.9681
1.99	-1.30595	-2.54839	6.80998
2	-1.4302	-2.79964	6.66166
2.01	-1.56714	-3.07682	6.52406
2.02	-1.71811	-3.38261	6.3983
2.03	-1.88456	-3.71993	6.2858
2.04	-2.0681	-4.09195	6.18828
2.05	-2.27048	-4.50211	6.10788
2.06	-2.49364	-4.95415	6.04723
2.07	-2.7397	-5.45203	6.00951
2.08	-3.01093	-5.99998	5.99862
2.09	-3.30983	-6.60243	6.01931
2.1	-3.63909	-7.26393	6.07733
2.11	-4.00158	-7.98908	6.17961
2.12	-4.40033	-8.78235	6.33451
2.13	-4.83853	-9.64788	6.55204
2.14	-5.31946	-10.5892	6.84413
2.15	-5.84643	-11.6086	7.22491
2.16	-6.42266	-12.7072	7.71094
2.17	-7.05111	-13.8832	8.32145
2.18	-7.73431	-15.1319	9.07846
2.19	-8.47407	-16.444	10.0067
2.2	-9.27107	-17.8044	11.1334
2.21	-10.1244	-19.19	12.4871
2.22	-11.031	-20.5687	14.097
2.23	-11.9847	-21.8967	15.99
2.24	-12.9759	-23.1171	18.1879
2.25	-13.99	-24.1591	20.7025
2.26	-15.007	-24.9384	23.5303
2.27	-16.0001	-25.3598	26.6454
2.28	-16.9361	-25.323	29.9924
2.29	-17.7748	-24.7323	33.4813
2.3	-18.4705	-23.5107	36.9846
2.31	-18.9745	-21.6161	40.3409
2.32	-19.2387	-19.0583	43.3667
2.33	-19.2207	-15.9114	45.8768
2.34	-18.8897	-12.3162	47.7117
2.35	-18.2324	-8.46956	48.7659
2.36	-17.2561	-4.59875	49.0097
2.37	-15.9904	-0.927315	48.4963
2.38	-14.4841	2.35939	47.3513
2.39	-12.7997	5.13865	45.7469
2.4	-11.0059	7.35882	43.8693
2.41	-9.1694	9.03178	41.8895
2.42	-7.34928	10.215	39.9443
2.43	-5.59285	10.9907	38.1284
2.44	-3.93449	11.4473	36.4969
2.45	-2.39632	11.6671	35.0733
2.46	-0.989974	11.7199	33.8584
2.47	0.281018	11.6607	32.8395
2.48	1.41899	11.5305	31.9965
2.49	2.43014	11.3585	31.3069
2.5	3.32298	11.1646	30.7481
2.51	4.10714	10.9616	30.2991
2.52	4.79259	10.7576	29.9414
2.53	5.38908	10.5569	29.6585
2.54	5.90587	10.362	29.4365
2.55	6.35148	10.1735	29.2635
2.56	6.73369	9.99154	29.1293
2.57	7.05947	9.81558	29.0254
2.58	7.33508	9.64504	28.9443
2.59	7.56608	9.47933	28.8799
2.6	7.7574	9.31796	28.827
2.61	7.91346	9.16063	28.7811
2.62	8.03818	9.00721	28.7385
2.63	8.13508	8.85778	28.6962
2.64	8.20735	8.71256	28.6515
2.65	8.25787	8.57196	28.6026
2.66	8.28928	8.43649	28.5477
2.67	8.304	8.30672	28.4857
2.68	8.30427	8.18332	28.4159
2.69	8.29218	8.06695	28.3377
2.7	8.26965	7.95827	28.251
2.71	8.23852	7.85794	28.1557
2.72	8.20046	7.76653	28.0523
2.73	8.15707	7.68457	27.9411
2.74	8.10982	7.61253	27.8229
2.75	8.06009	7.55077	27.6983
2.76	8.00916	7.49958	27.5683
2.77	7.9582	7.45917	27.4338
2.78	7.9083	7.42964	27.2958
2.79	7.86043	7.41103	27.1555
2.8	7.81549	7.4033	27.0139
2.81	7.77427	7.40634	26.8721
2.82	7.73748	7.41996	26.7313
2.83	7.70573	7.44393	26.5926
2.84	7.67955	7.47794	26.4571
2.85	7.65939	7.52165	26.3258
2.86	7.64561	7.57467	26.1999
2.87	7.63852	7.63655	26.0804
2.88	7.63832	7.70682	25.9682
2.89	7.64517	7.78494	25.8644
2.9	7.65915	7.87037	25.7698
2.91	7.68027	7.96247	25.6855
2.92	7.70849	8.06061	25.6121
2.93	7.7437	8.16408	25.5504
2.94	7.78574	8.27213	25.5013
2.95	7.83438	8.38395	25.4653
2.96	7.88934	8.49869	25.443
2.97	7.95027	8.61543	25.435
2.98	8.01679	8.7332	25.4417
2.99	8.08843	8.85096	25.4634
3	8.16468	8.96762	25.5003
3.01	8.24497	9.08203	25.5525
3.02	8.32868	9.19301	25.6199
3.03	8.41511	9.29932	25.7023
3.04	8.50353	9.39967	25.7995
3.05	8.59315	9.4928	25.9108
3.06	8.68311	9.5774	26.0356
3.07	8.77254	9.6522	26.1729
3.08	8.86051	9.71596	26.3217
3.09	8.94605	9.7675	26.4807
3.1	9.0282	9.80575	26.6483
3.11	9.10595	9.82972	26.823
3.12	9.17833	9.8386	27.0028
3.13	9.24436	9.83174	27.1858
3.14	9.3031	9.8087	27.3697
3.15	9.35366	9.76925	27.5523
3.16	9.39522	9.71343	27.7314
3.17	9.42704	9.64153	27.9045
3.18	9.44849	9.55412	28.0693
3.19	9.45905	9.45204	28.2235
3.2	9.45835	9.33638	28.3649
3.21	9.44615	9.2085	28.4916
3.22	9.42239	9.06998	28.6017
3.23	9.38715	8.92258	28.6936
3.24	9.34069	8.76825	28.766
3.25	9.28345	8.60902	28.8179
3.26	9.216	8.447	28.8486
3.27	9.1391	8.28432	28.8578
3.28	9.05363	8.12308	28.8454
3.29	8.96057	7.96531	28.8116
3.3	8.86105	7.81294	28.757
3.31	8.75623	7.66773	28.6825
3.32	8.64738	7.53129	28.589
3.33	8.53577	7.40504	28.4779
3.34	8.4227	7.29019	28.3506
3.35	8.30945	7.18776	28.2086
3.36	8.19728	7.09855	28.0536
3.37	8.08741	7.02317	27.8874
3.38	7.98098	6.96204	27.7118
3.39	7.87909	6.91543	27.5284
3.4	7.78272	6.88343	27.3392
3.41	7.6928	6.86603	27.1459
3.42	7.61012	6.86307	26.9502
3.43	7.53541	6.87434	26.7538
3.44	7.46931	6.8995	26.5584
3.45	7.41233	6.93819	26.3655
3.46	7.36491	6.98996	26.1767
3.47	7.32742	7.05435	25.9934
3.48	7.30011	7.13083	25.8172
3.49	7.28318	7.21887	25.6493
3.5	7.27675	7.31789	25.4911
3.51	7.28086	7.42728	25.3438
3.52	7.29551	7.5464	25.2087
3.53	7.3206	7.67457	25.0871
3.54	7.35599	7.81107	24.9799
3.55	7.4015	7.95512	24.8883
3.56	7.45686	8.10588	24.8135
3.57	7.52176	8.26243	24.7562
3.58	7.59583	8.4238	24.7175
3.59	7.67863	8.58889	24.6982
3.6	7.76965	8.75653	24.6991
3.61	7.86834	8.92543	24.7208
3.62	7.97405	9.0942	24.7639
3.63	8.08607	9.2613	24.8287
3.64	8.20359	9.42512	24.9155
3.65	8.32574	9.58391	25.0243
3.66	8.45156	9.73582	25.1549
3.67	8.57999	9.87892	25.3069
3.68	8.70988	10.0112	25.4797
3.69	8.84001	10.1306	25.6722
3.7	8.96907	10.2351	25.8831
3.71	9.09567	10.3226	26.1109
3.72	9.21836	10.3912	26.3535
3.73	9.33564	10.4391	26.6087
3.74	9.44599	10.4646	26.8737
3.75	9.54784	10.4663	27.1455
3.76	9.63969	10.4432	27.4209
3.77	9.72004	10.3946	27.6964
3.78	9.7875	10.3202	27.9682
3.79	9.84077	10.2201	28.2325
3.8	9.8787	10.095	28.4853
3.81	9.90033	9.94611	28.723
3.82	9.90491	9.77508	28.9417
3.83	9.89192	9.58405	29.1382
3.84	9.86114	9.37562	29.3092
3.85	9.81259	9.15277	29.4522
3.86	9.7466	8.91874	29.5649
3.87	9.66382	8.67703	29.6458
3.88	9.56514	8.43122	29.6937
3.89	9.45175	8.1849	29.7084
3.9	9.32506	7.94158	29.6898
3.91	9.18671	7.70459	29.6386
3.92	9.0385	7.47701	29.556
3.93	8.88235	7.2616	29.4437
3.94	8.72028	7.06075	29.3035
3.95	8.55433	6.87648	29.1378
3.96	8.38654	6.71038	28.949
3.97	8.21892	6.56369	28.7398
3.98	8.0534	6.43724	28.5129
3.99	7.89178	6.33157	28.271
4	7.73576	6.24687	28.0167
4.01	7.58687	6.1831	27.7529
4.02	7.4465	6.14002	27.4819
4.03	7.31585	6.1172	27.2063
4.04	7.19598	6.11409	26.9283
4.05	7.08779	6.13007	26.6502
4.06	6.99202	6.16445	26.374
4.07	6.90926	6.21649	26.1017
4.08	6.83999	6.28549	25.8352
4.09	6.78454	6.3707	25.5762
4.1	6.74315	6.47144	25.3264
4.11	6.71598	6.58702	25.0874
4.12	6.70309	6.71676	24.8608
4.13	6.70445	6.86002	24.648
4.14	6.72001	7.01615	24.4507
4.15	6.74962	7.1845	24.2701
4.16	6.79311	7.36441	24.1079
4.17	6.85024	7.55516	23.9653
4.18	6.92073	7.756	23.8437
4.19	7.00426	7.96608	23.7447
4.2	7.10044	8.18448	23.6694
4.21	7.20885	8.41012	23.6194
4.22	7.32897	8.64181	23.5958
4.23	7.46026	8.87817	23.6
4.24	7.60205	9.11765	23.633
4.25	7.75361	9.35846	23.6959
4.26	7.91409	9.5986	23.7896
4.27	8.08254	9.83583	23.9149
4.28	8.25787	10.0677	24.0721
4.29	8.43885	10.2913	24.2616
4.3	8.6241	10.5039	24.4831
4.31	8.81208	10.7022	24.736
4.32	9.00109	10.8828	25.0195
4.33	9.18926	11.0422	25.3319
4.34	9.37455	11.177	25.6711
4.35	9.5548	11.2835	26.0343
4.36	9.72767	11.3585	26.4182
4.37	9.89075	11.3988	26.8186
4.38	10.0416	11.4017	27.2309
4.39	10.1776	11.3649	27.6496
4.4	10.2963	11.2869	28.069
4.41	10.3954	11.1669	28.4826
4.42	10.4725	11.0051	28.8839
4.43	10.5258	10.8025	29.2662
4.44	10.5534	10.5612	29.6228
4.45	10.5542	10.2843	29.9474
4.46	10.5272	9.97593	30.2342
4.47	10.4721	9.64097	30.4782
4.48	10.389	9.28504	30.675
4.49	10.2786	8.91428	30.8217
4.5	10.1422	8.53511	30.916
4.51	9.98146	8.15401	30.9572
4.52	9.79871	7.7773	30.9456
4.53	9.59657	7.41089	30.8825
4.54	9.378	7.06017	30.7701
4.55	9.14622	6.72978	30.6117
4.56	8.90458	6.42362	30.4109
4.57	8.65648	6.1447	30.1719
4.58	8.4053	5.89524	29.8993
4.59	8.1543	5.67665	29.5975
4.6	7.90653	5.48962	29.2711
4.61	7.66484	5.33423	28.9246
4.62	7.43178	5.21002	28.5621
4.63	7.2096	5.11614	28.1876
4.64	7.00026	5.05145	27.8048
4.65	6.80538	5.0146	27.417
4.66	6.6263	5.00413	27.0271
4.67	6.46408	5.01856	26.638
4.68	6.31953	5.05641	26.252
4.69	6.19322	5.11631	25.8715
4.7	6.08553	5.19697	25.4985
4.71	5.99667	5.29723	25.1348
4.72	5.92673	5.41607	24.7822
4.73	5.87566	5.55262	24.4423
4.74	5.84336	5.70614	24.1168
4.75	5.82964	5.87598	23.8071
4.76	5.83427	6.06166	23.5148
4.77	5.85701	6.26272	23.2414
4.78	5.89758	6.4788	22.9884
4.79	5.9557	6.70958	22.7575
4.8	6.03109	6.95471	22.5502
4.81	6.12345	7.21384	22.3683
4.82	6.23249	7.48656	22.2136
4.83	6.3579	7.77233	22.0878
4.84	6.49934	8.0705	21.993
4.85	6.65646	8.38021	21.931
4.86	6.82883	8.70039	21.904
4.87	7.01599	9.02967	21.914
4.88	7.21736	9.36636	21.9632
4.89	7.43226	9.7084	22.0535
4.9	7.65987	10.0533	22.187
4.91	7.89921	10.398	22.3654
4.92	8.14909	10.7391	22.5903
4.93	8.40809	11.0726	22.8631
4.94	8.67454	11.3938	23.1844
4.95	8.94646	11.6976	23.5545
4.96	9.22157	11.9783	23.9729
4.97	9.49724	12.2299	24.4382
4.98	9.77051	12.4459	24.948
4.99	10.038	12.6196	25.4987
5	10.2962	12.7445	26.0855
5.01	10.541	12.8141	26.7021
5.02	10.7683	12.8228	27.3408
5.03	10.9738	12.7656	27.9925
5.04	11.153	12.6387	28.6469
5.05	11.3015	12.4402	29.2926
5.06	11.4154	12.1697	29.9174
5.07	11.4908	11.8291	30.5088
5.08	11.5247	11.4226	31.0545
5.09	11.5145	10.9563	31.5428
5.1	11.4586	10.4388	31.9632
5.11	11.3567	9.88029	32.307
5.12	11.209	9.29236	32.5676
5.13	11.0174	8.68745	32.7407
5.14	10.7844	8.07828	32.8247
5.15	10.5138	7.47718	32.8206
5.16	10.2101	6.89558	32.7315
5.17	9.87865	6.34354	32.5627
5.18	9.52514	5.82937	32.321
5.19	9.15556	5.35949	32.0144
5.2	8.77595	4.93835	31.6514
5.21	8.39219	4.56853	31.2407
5.22	8.00983	4.25088	30.791
5.23	7.63393	3.98481	30.3104
5.24	7.26902	3.76859	29.8063
5.25	6.91898	3.5996	29.2854
5.26	6.58704	3.47466	28.7536
5.27	6.2758	3.39028	28.2157
5.28	5.98725	3.34284	27.676
5.29	5.72281	3.32881	27.1381
5.3	5.48341	3.34484	26.605
5.31	5.26955	3.38789	26.0789
5.32	5.08138	3.45525	25.562
5.33	4.91877	3.54458	25.0559
5.34	4.78135	3.65394	24.5621
5.35	4.66861	3.78178	24.0818
5.36	4.57993	3.92689	23.6162
5.37	4.51462	4.0884	23.1663
5.38	4.472	4.26574	22.7331
5.39	4.45137	4.45862	22.3176
5.4	4.4521	4.66697	21.921
5.41	4.47359	4.89095	21.5442
5.42	4.51532	5.13084	21.1885
5.43	4.57687	5.3871	20.8551
5.44	4.6579	5.66024	20.5456
5.45	4.75813	5.95086	20.2613
5.46	4.8774	6.25956	20.0042
5.47	5.01562	6.58696	19.776
5.48	5.17275	6.93357	19.579
5.49	5.34884	7.29983	19.4156
5.5	5.54393	7.686	19.2883
5.51	5.75814	8.09211	19.2
5.52	5.99154	8.5179	19.154
5.53	6.24417	8.96274	19.1536
5.54	6.51603	9.42549	19.2025
5.55	6.80698	9.90449	19.3046
5.56	7.11673	10.3973	19.464
5.57	7.44479	10.9009	19.6849
5.58	7.7904	11.4109	19.9715
5.59	8.15244	11.9222	20.3279
5.6	8.52942	12.4285	20.7578
5.61	8.91933	12.9219	21.2643
5.62	9.31959	13.3935	21.8498
5.63	9.72697	13.8327	22.5154
5.64	10.1375	14.2279	23.2604
5.65	10.5466	14.5661	24.0825
5.66	10.9485	14.8336	24.9765
5.67	11.337	15.0163	25.9346
5.68	11.705	15.1002	26.9454
5.69	12.0445	15.0727	27.9943
5.7	12.3473	14.9227	29.0632
5.71	12.6048	14.6421	30.1307
5.72	12.8086	14.2271	31.1729
5.73	12.9504	13.6785	32.1639
5.74	13.0232	13.0024	33.0776
5.75	13.0212	12.2112	33.8889
5.76	12.9402	11.3222	34.5752
5.77	12.7784	10.3582	35.1183
5.78	12.5363	9.34499	35.5054
5.79	12.2172	8.31064	35.7301
5.8	11.8266	7.28312	35.7927
5.81	11.3722	6.28869	35.6995
5.82	10.8639	5.35019	35.4627
5.83	10.3125	4.48595	35.0983
5.84	9.72984	3.70908	34.6249
5.85	9.12776	3.0274	34.0625
5.86	8.51772	2.44375	33.4305
5.87	7.91033	1.95676	32.7472
5.88	7.31497	1.56168	32.0287
5.89	6.73964	1.25136	31.2888
5.9	6.19081	1.01719	30.5388
5.91	5.67345	0.849847	29.7874
5.92	5.19109	0.739941	29.0413
5.93	4.74598	0.678487	28.3053
5.94	4.33923	0.657214	27.5827
5.95	3.97103	0.668752	26.8756
5.96	3.6408	0.706713	26.1855
5.97	3.34739	0.765707	25.513
5.98	3.08922	0.841301	24.8582
5.99	2.86443	0.929944	24.2214
6	2.67098	1.02888	23.6021
6.01	2.50677	1.13606	23.0002
6.02	2.3697	1.25003	22.4153
6.03	2.25773	1.36987	21.8472
6.04	2.16895	1.49509	21.2955
6.05	2.10156	1.62555	20.7601
6.06	2.05396	1.76145	20.2406
6.07	2.02471	1.90321	19.7371
6.08	2.01256	2.05148	19.2493
6.09	2.01645	2.20708	18.7773
6.1	2.03551	2.37098	18.321
6.11	2.06906	2.54428	17.8807
6.12	2.11658	2.72821	17.4566
6.13	2.17775	2.92409	17.0488
6.14	2.25238	3.13334	16.6578
6.15	2.34048	3.35748	16.2842
6.16	2.44218	3.59811	15.9285
6.17	2.55777	3.85693	15.5917
6.18	2.68769	4.13574	15.2745
6.19	2.83249	4.4364	14.9784
6.2	2.99288	4.76088	14.7046
6.21	3.16968	5.11118	14.455
6.22	3.36383	5.48941	14.2315
6.23	3.57639	5.89766	14.0367
6.24	3.80852	6.33807	13.8733
6.25	4.06147	6.81271	13.7447
6.26	4.33659	7.32355	13.6549
6.27	4.63529	7.87241	13.6083
6.28	4.959	8.46078	13.6104
6.29	5.30918	9.08976	13.667
6.3	5.68724	9.75982	13.7851
6.31	6.0945	10.4707	13.9726
6.32	6.53211	11.2209	14.2381
6.33	7.00099	12.0076	14.5914
6.34	7.50165	12.8262	15.0429
6.35	8.03411	13.67	15.604
6.36	8.59769	14.5292	16.2861
6.37	9.19084	15.391	17.101
6.38	9.81086	16.2388	18.0595
6.39	10.4537	17.0517	19.1711
6.4	11.1135	17.8041	20.4424
6.41	11.7825	18.466	21.8759
6.42	12.4509	19.0029	23.4683
6.43	13.1061	19.3771	25.2085
6.44	13.7332	19.5492	27.0759
6.45	14.3148	19.4806	29.0386
6.46	14.8313	19.1371	31.0528
6.47	15.2619	18.493	33.063
6.48	15.585	17.5353	35.0037
6.49	15.7801	16.2684	36.8032
6.5	15.8289	14.7166	38.3889
6.51	15.7177	12.925	39.6947
6.52	15.4384	10.9576	40.6677
6.53	14.9903	8.89233	41.2749
6.54	14.3805	6.81346	41.5072
6.55	13.6238	4.80292	41.3802
6.56	12.7417	2.932	40.931
6.57	11.7608	1.25505	40.2131
6.58	10.7102	-0.193859	39.2884
6.59	9.61978	-1.40093	38.2199
6.6	8.51771	-2.37005	37.066
6.61	7.42893	-3.11856	35.8757
6.62	6.37418	-3.67246	34.6873
6.63	5.36952	-4.06199	33.5282
6.64	4.42637	-4.31821	32.416
6.65	3.55191	-4.4705	31.3605
6.66	2.74967	-4.54515	30.3654
6.67	2.02019	-4.56474	29.4307
6.68	1.36169	-4.548	28.5536
6.69	0.770725	-4.51006	27.7303
6.7	0.242647	-4.46288	26.956
6.71	-0.227906	-4.41571	26.2264
6.72	-0.646687	-4.3756	25.5371
6.73	-1.01958	-4.34777	24.8844
6.74	-1.3524	-4.33606	24.2651
6.75	-1.65076	-4.34321	23.6767
6.76	-1.92001	-4.37114	23.117
6.77	-2.16512	-4.42119	22.5845
6.78	-2.39073	-4.49423	22.078
6.79	-2.60108	-4.59086	21.5967
6.8	-2.80006	-4.71151	21.1402
6.81	-2.9912	-4.85648	20.7083
6.82	-3.17773	-5.02602	20.3014
6.83	-3.36256	-5.2204	19.9197
6.84	-3.54834	-5.4399	19.5641
6.85	-3.7375	-5.68484	19.2354
6.86	-3.93223	-5.95556	18.9349
6.87	-4.13456	-6.25247	18.6642
6.88	-4.34636	-6.57594	18.425
6.89	-4.56931	-6.92634	18.2195
6.9	-4.80502	-7.30398	18.0501
6.91	-5.05491	-7.70904	17.9197
6.92	-5.32033	-8.1415	17.8315
6.93	-5.60244	-8.60108	17.7892
6.94	-5.90231	-9.08712	17.7967
6.95	-6.22079	-9.59848	17.8585
6.96	-6.55856	-10.1334	17.9793
6.97	-6.91604	-10.6893	18.1645
6.98	-7.29336	-11.2626	18.4194
6.99	-7.69028	-11.8487	18.7496
7	-8.10613	-12.4416	19.1608
7.01	-8.53968	-13.0337	19.6584
7.02	-8.98908	-13.6157	20.2472
7.03	-9.45174	-14.1765	20.9312
7.04	-9.92422	-14.7028	21.713
7.05	-10.4021	-15.1797	22.5931
7.06	-10.8798	-15.5904	23.5696
7.07	-11.3509	-15.9165	24.6373
7.08	-11.8075	-16.139	25.787
7.09	-12.2406	-16.2389	27.0049
7.1	-12.6404	-16.1983	28.2725
7.11	-12.9962	-16.0019	29.5661
7.12	-13.2968	-15.6383	30.8574
7.13	-13.531	-15.102	32.1139
7.14	-13.6881	-14.3944	33.301
7.15	-13.7587	-13.5248	34.3833
7.16	-13.7353	-12.5113	35.3272
7.17	-13.6129	-11.3798	36.1036
7.18	-13.3896	-10.1628	36.69
7.19	-13.0669	-8.89767	37.0723
7.2	-12.65	-7.62322	37.2464
7.21	-12.1473	-6.37732	37.2175
7.22	-11.5703	-5.19387	36.9997
7.23	-10.9327	-4.10064	36.614
7.24	-10.2495	-3.11789	36.0859
7.25	-9.53631	-2.25795	35.4432
7.26	-8.80847	-1.52556	34.7134
7.27	-8.08018	-0.918962	33.9221
7.28	-7.36406	-0.43126	33.0917
7.29	-6.67078	-0.0519897	32.241
7.3	-6.0089	0.23144	31.3847
7.31	-5.38487	0.432512	30.5339
7.32	-4.80313	0.564634	29.6964
7.33	-4.26635	0.640467	28.8774
7.34	-3.77567	0.671494	28.08
7.35	-3.33095	0.667798	27.3058
7.36	-2.93108	0.637997	26.5554
7.37	-2.57417	0.589275	25.8286
7.38	-2.25783	0.527486	25.1246
7.39	-1.9793	0.457291	24.4427
7.4	-1.73564	0.382309	23.7819
7.41	-1.52384	0.305275	23.1411
7.42	-1.34093	0.22818	22.5193
7.43	-1.18402	0.152406	21.9157
7.44	-1.05038	0.0788432	21.3295
7.45	-0.937455	0.00798957	20.7599
7.46	-0.84291	-0.0599629	20.2062
7.47	-0.764616	-0.125058	19.6679
7.48	-0.70066	-0.187516	19.1444
7.49	-0.649345	-0.247688	18.6352
7.5	-0.60918	-0.306021	18.1399
7.51	-0.578864	-0.363027	17.658
7.52	-0.55728	-0.419263	17.1892
7.53	-0.543479	-0.475317	16.7332
7.54	-0.536662	-0.531797	16.2895
7.55	-0.536176	-0.589324	15.858
7.56	-0.541491	-0.648534	15.4383
7.57	-0.552195	-0.710069	15.0301
7.58	-0.567982	-0.774587	14.6332
7.59	-0.588643	-0.842762	14.2474
7.6	-0.614055	-0.915288	13.8724
7.61	-0.644178	-0.992887	13.5081
7.62	-0.679049	-1.07631	13.1543
7.63	-0.718775	-1.16636	12.8108
7.64	-0.763533	-1.26387	12.4776
7.65	-0.813567	-1.36975	12.1545
7.66	-0.869185	-1.48497	11.8415
7.67	-0.930764	-1.61056	11.5387
7.68	-0.998744	-1.74767	11.246
7.69	-1.07364	-1.89753	10.9635
7.7	-1.15603	-2.06146	10.6915
7.71	-1.24657	-2.24094	10.4302
7.72	-1.34601	-2.43755	10.18
7.73	-1.45516	-2.65303	9.94139
7.74	-1.57495	-2.88928	9.71489
7.75	-1.70638	-3.14837	9.50133
7.76	-1.85058	-3.43254	9.30168
7.77	-2.00878	-3.74425	9.11716
7.78	-2.18232	-4.08612	8.94925
7.79	-2.3727	-4.461	8.79978
7.8	-2.58153	-4.87196	8.67096
7.81	-2.81058	-5.32223	8.56551
7.82	-3.06174	-5.81522	8.48668
7.83	-3.33709	-6.35452	8.43841
7.84	-3.63883	-6.94376	8.42545
7.85	-3.96932	-7.58661	8.45344
7.86	-4.33105	-8.28661	8.52915
7.87	-4.72661	-9.04704	8.6606
7.88	-5.15865	-9.87066	8.85727
7.89	-5.62985	-10.7595	9.13027
7.9	-6.14281	-11.7142	9.49254
7.91	-6.69995	-12.7339	9.95899
7.92	-7.30335	-13.8153	10.5466
7.93	-7.95455	-14.9519	11.2743
7.94	-8.65428	-16.1328	12.163
7.95	-9.40214	-17.3421	13.2349
7.96	-10.1961	-18.5569	14.5125
7.97	-11.0322	-19.7465	16.0175
7.98	-11.9036	-20.871	17.7689
7.99	-12.8004	-21.8801	19.7794
8	-13.7083	-22.7136	22.0527
8.01	-14.6089	-23.3017	24.5783
8.02	-15.4782	-23.5686	27.327
8.03	-16.2872	-23.4371	30.2463
8.04	-17.0022	-22.8368	33.257
8.05	-17.5857	-21.7147	36.2529
8.06	-17.9986	-20.0462	39.1048
8.07	-18.2033	-17.847	41.67
8.08	-18.1677	-15.1802	43.8076
8.09	-17.8689	-12.1565	45.3973
8.1	-17.2977	-8.92623	46.3589
8.11	-16.4606	-5.6613	46.6667
8.12	-15.3806	-2.53205	46.3541
8.13	-14.0958	0.316256	45.5075
8.14	-12.6546	2.78091	44.2494
8.15	-11.111	4.80938	42.7175
8.16	-9.51898	6.39655	41.044
8.17	-7.92742	7.57424	39.3406
8.18	-6.37726	8.39751	37.691
8.19	-4.89978	8.93156	36.1504
8.2	-3.51665	9.24159	34.7488
8.21	-2.24082	9.38651	33.4972
8.22	-1.07809	9.41583	32.3936
8.23	-0.0286991	9.36903	31.4282
8.24	0.911074	9.27633	30.5874
8.25	1.7476	9.15999	29.8563
8.26	2.48884	9.03595	29.2202
8.27	3.14355	8.91522	28.6659
8.28	3.72072	8.80514	28.1817
8.29	4.22916	8.71032	27.7578
8.3	4.67728	8.63346	27.386
8.31	5.07289	8.57585	27.0595
8.32	5.42319	8.5378	26.773
8.33	5.73465	8.51896	26.522
8.34	6.01308	8.51853	26.3033
8.35	6.26363	8.53537	26.1141
8.36	6.4908	8.56814	25.9524
8.37	6.69853	8.61537	25.8164
8.38	6.89022	8.67548	25.7051
8.39	7.06874	8.74685	25.6174
8.4	7.23655	8.8278	25.5526
8.41	7.39568	8.91663	25.51
8.42	7.54777	9.01162	25.4892
8.43	7.69416	9.11101	25.4896
8.44	7.83584	9.21305	25.5109
8.45	7.97356	9.31596	25.5526
8.46	8.1078	9.41795	25.614
8.47	8.23882	9.51723	25.6945
8.48	8.36666	9.612	25.7934
8.49	8.49119	9.70049	25.9098
8.5	8.61212	9.78097	26.0426
8.51	8.72901	9.85174	26.1905
8.52	8.84128	9.91118	26.352
8.53	8.94827	9.95777	26.5256
8.54	9.04922	9.99013	26.7093
8.55	9.14331	10.007	26.901
8.56	9.22968	10.0074	27.0987
8.57	9.30746	9.99056	27.2997
8.58	9.37577	9.95583	27.5016
8.59	9.43377	9.90301	27.7016
8.6	9.4807	9.83213	27.8971
8.61	9.51584	9.74356	28.0854
8.62	9.53861	9.638	28.2636
8.63	9.54855	9.51648	28.4292
8.64	9.54534	9.38033	28.5798
8.65	9.52884	9.23118	28.7131
8.66	9.49908	9.07092	28.827
8.67	9.45626	8.90165	28.9199
8.68	9.4008	8.72564	28.9905
8.69	9.33328	8.54527	29.0377
8.7	9.25448	8.36297	29.0609
8.71	9.16533	8.18115	29.0599
8.72	9.06691	8.0022	29.0348
8.73	8.96044	7.82835	28.9861
8.74	8.84723	7.66171	28.9146
8.75	8.72868	7.50418	28.8214
8.76	8.60623	7.35744	28.7078
8.77	8.48135	7.22295	28.5755
8.78	8.35551	7.10191	28.4261
8.79	8.23015	6.99529	28.2615
8.8	8.10666	6.90382	28.0835
8.81	7.98638	6.82801	27.8943
8.82	7.87054	6.76817	27.6958
8.83	7.7603	6.72443	27.4899
8.84	7.65672	6.69677	27.2787
8.85	7.56072	6.68503	27.064
8.86	7.47315	6.68895	26.8477
8.87	7.39473	6.70817	26.6317
8.88	7.32608	6.74227	26.4175
8.89	7.2677	6.79078	26.207
8.9	7.22	6.85318	26.0017
8.91	7.18332	6.92893	25.8031
8.92	7.15788	7.01745	25.6128
8.93	7.14384	7.11815	25.4321
8.94	7.14127	7.23042	25.2624
8.95	7.15019	7.35361	25.1051
8.96	7.17053	7.48707	24.9614
8.97	7.20218	7.63009	24.8326
8.98	7.24497	7.78191	24.7199
8.99	7.29867	7.94173	24.6245
9	7.36297	8.10867	24.5475
9.01	7.43754	8.28179	24.49
9.02	7.52197	8.46003	24.4529
9.03	7.61577	8.64225	24.4371
9.04	7.71842	8.82716	24.4437
9.05	7.8293	9.01339	24.4731
9.06	7.9477	9.19938	24.5262
9.07	8.07287	9.38347	24.6033
9.08	8.20393	9.56385	24.7048
9.09	8.33992	9.73855	24.8306
9.1	8.47979	9.90549	24.9806
9.11	8.62236	10.0625	25.1544
9.12	8.76637	10.2072	25.3513
9.13	8.91045	10.3373	25.57
9.14	9.05314	10.4505	25.8093
9.15	9.19287	10.5443	26.0671
9.16	9.32802	10.6165	26.3413
9.17	9.45687	10.6651	26.6292
9.18	9.57769	10.6881	26.9277
9.19	9.68873	10.6839	27.2333
9.2	9.78825	10.6514	27.5422
9.21	9.87456	10.5897	27.8503
9.22	9.94607	10.4985	28.1533
9.23	10.0013	10.3783	28.4468
9.24	10.039	10.2298	28.7261
9.25	10.0581	10.0547	28.9871
9.26	10.0578	9.85482	29.2254
9.27	10.0375	9.63303	29.4372
9.28	9.99702	9.39243	29.6192
9.29	9.93656	9.13664	29.7683
9.3	9.85657	8.86957	29.8823
9.31	9.75787	8.59534	29.9597
9.32	9.64162	8.31817	29.9995
9.33	9.50927	8.0422	30.0015
9.34	9.36256	7.77145	29.9662
9.35	9.20345	7.50965	29.8947
9.36	9.03407	7.26017	29.7887
9.37	8.85668	7.02598	29.6502
9.38	8.67361	6.80956	29.4818
9.39	8.48721	6.61294	29.2863
9.4	8.29978	6.43764	29.0665
9.41	8.11357	6.28475	28.8257
9.42	7.93068	6.1549	28.567
9.43	7.75311	6.04839	28.2933
9.44	7.58263	5.96516	28.0078
9.45	7.42089	5.90492	27.7132
9.46	7.26929	5.86715	27.4124
9.47	7.12908	5.8512	27.1079
9.48	7.00129	5.85628	26.8022
9.49	6.88679	5.88159	26.4974
9.5	6.78627	5.92625	26.1959
9.51	6.70027	5.98942	25.8995
9.52	6.62918	6.07026	25.6102
9.53	6.57329	6.16799	25.3296
9.54	6.53276	6.28184	25.0596
9.55	6.50767	6.41111	24.8017
9.56	6.49801	6.55513	24.5576
9.57	6.50372	6.71327	24.3287
9.58	6.52468	6.88491	24.1165
9.59	6.5607	7.06944	23.9226
9.6	6.61157	7.26625	23.7485
9.61	6.67704	7.47468	23.5956
9.62	6.75681	7.69402	23.4655
9.63	6.85053	7.92347	23.3596
9.64	6.95782	8.16213	23.2795
9.65	7.07825	8.40895	23.2266
9.66	7.21132	8.66273	23.2024
9.67	7.35646	8.92208	23.2084
9.68	7.51302	9.18535	23.2459
9.69	7.68026	9.45067	23.3161
9.7	7.8573	9.71591	23.4201
9.71	8.04316	9.9786	23.559
9.72	8.2367	10.236	23.7334
9.73	8.43663	10.4851	23.9436
9.74	8.64148	10.7225	24.1897
9.75	8.84958	10.9445	24.4712
9.76	9.05907	11.1473	24.7872
9.77	9.2679	11.3269	25.136
9.78	9.4738	11.4791	25.5155
9.79	9.67433	11.5997	25.9226
9.8	9.86686	11.6846	26.3535
9.81	10.0486	11.7303	26.8037
9.82	10.2168	11.7332	27.2676
9.83	10.3684	11.6907	27.7392
9.84	10.5007	11.6008	28.2117
9.85	10.6107	11.4626	28.6775
9.86	10.6959	11.276	29.129
9.87	10.7539	11.0425	29.5583
9.88	10.7827	10.7645	29.9576
9.89	10.7809	10.4458	30.3194
9.9	10.7474	10.0913	30.6371
9.91	10.6818	9.70694	30.9046
9.92	10.5843	9.2996	31.1174
9.93	10.4558	8.87665	31.2719
9.94	10.2979	8.44578	31.3661
9.95	10.1127	8.01468	31.3994
9.96	9.9029	7.59076	31.3726
9.97	9.67169	7.18087	31.2877
9.98	9.42261	6.79109	31.1479
9.99	9.15946	6.42656	30.9572
10	8.88617	6.09144	30.7203
