-0.29325
-0.293261
-0.293292
-0.293345
-0.293418
-0.293513
-0.293629
-0.293766
-0.293924
-0.294103
-0.294303
-0.294524
-0.294767
-0.295031
-0.295316
-0.295622
-0.29595
-0.296299
-0.296669
-0.297061
-0.297474
-0.297909
-0.298366
-0.298844
-0.299344
-0.299866
-0.300409
-0.300975
-0.301563
-0.302172
-0.302804
-0.303458
-0.304134
-0.304833
-0.305554
-0.306298
-0.307065
-0.307854
-0.308666
-0.309501
-0.31036
-0.311242
-0.312147
-0.313075
-0.314028
-0.315004
-0.316004
-0.317028
-0.318077
-0.319149
-0.320247
-0.321369
-0.322516
-0.323688
-0.324886
-0.326109
-0.327357
-0.328632
-0.329932
-0.331259
-0.332613
-0.333993
-0.335401
-0.336835
-0.338297
-0.339788
-0.341306
-0.342852
-0.344427
-0.346032
-0.347665
-0.349328
-0.351021
-0.352745
-0.354499
-0.356284
-0.358101
-0.359949
-0.36183
-0.363743
-0.36569
-0.36767
-0.369684
-0.371733
-0.373817
-0.375937
-0.378092
-0.380285
-0.382514
-0.384782
-0.387088
-0.389434
-0.391819
-0.394245
-0.396712
-0.399221
-0.401773
-0.404369
-0.40701
-0.409696
-0.412428
-0.415207
-0.418035
-0.420913
-0.42384
-0.42682
-0.429852
-0.432938
-0.436079
-0.439277
-0.442534
-0.445849
-0.449226
-0.452665
-0.456168
-0.459738
-0.463375
-0.467082
-0.470861
-0.474714
-0.478642
-0.48265
-0.486738
-0.490909
-0.495166
-0.499513
-0.503951
-0.508484
-0.513116
-0.517849
-0.522688
-0.527637
-0.532698
-0.537878
-0.543181
-0.54861
-0.554173
-0.559873
-0.565717
-0.571712
-0.577864
-0.584179
-0.590666
-0.597333
-0.604188
-0.611241
-0.618501
-0.625979
-0.633687
-0.641637
-0.649842
-0.658316
-0.667076
-0.676137
-0.685519
-0.695241
-0.705324
-0.715793
-0.726672
-0.737991
-0.749779
-0.762071
-0.774905
-0.788322
-0.802368
-0.817094
-0.832558
-0.848822
-0.865959
-0.884049
-0.903183
-0.923465
-0.945012
-0.96796
-0.992464
-1.0187
-1.04689
-1.07726
-1.11011
-1.14578
-1.18467
-1.22728
-1.27421
-1.32618
-1.38412
-1.44917
-1.52278
-1.60685
-1.70383
-1.81703
-1.95094
-2.11177
-2.30829
-2.55308
-2.86408
-3.26583
-3.78578
-4.42764
-5.07808
-5.39321
-5.10206
-4.45793
-3.81236
-3.28707
-2.88087
-2.56655
-2.31934
-2.12103
-1.95886
-1.82393
-1.70993
-1.61232
-1.52775
-1.45373
-1.38834
-1.33012
-1.2779
-1.23077
-1.18798
-1.14894
-1.11315
-1.08018
-1.04971
-1.02144
-0.995126
-0.970554
-0.947546
-0.925945
-0.905616
-0.886439
-0.868311
-0.85114
-0.834846
-0.819355
-0.804605
-0.790537
-0.777101
-0.76425
-0.751942
-0.740141
-0.728811
-0.717921
-0.707444
-0.697353
-0.687624
-0.678237
-0.669171
-0.660408
-0.651932
-0.643725
-0.635775
-0.628067
-0.620589
-0.613331
-0.60628
-0.599428
-0.592764
-0.586281
-0.579969
-0.573823
-0.567833
-0.561994
-0.5563
-0.550744
-0.545322
-0.540027
-0.534855
-0.529801
-0.524861
-0.520031
-0.515307
-0.510685
-0.506162
-0.501734
-0.497398
-0.493151
-0.488991
-0.484914
-0.480919
-0.477002
-0.473161
-0.469395
-0.465701
-0.462076
-0.45852
-0.45503
-0.451605
-0.448242
-0.444941
-0.4417
-0.438516
-0.43539
-0.432319
-0.429302
-0.426338
-0.423427
-0.420565
-0.417754
-0.414991
-0.412276
-0.409607
-0.406984
-0.404405
-0.401871
-0.399379
-0.39693
-0.394523
-0.392156
-0.38983
-0.387542
-0.385294
-0.383084
-0.380911
-0.378775
-0.376676
-0.374612
-0.372584
-0.37059
-0.368631
-0.366706
-0.364813
-0.362954
-0.361128
-0.359333
-0.35757
-0.355838
-0.354138
-0.352467
-0.350827
-0.349217
-0.347636
-0.346085
-0.344562
-0.343068
-0.341603
-0.340165
-0.338755
-0.337373
-0.336018
-0.33469
-0.333389
-0.332114
-0.330866
-0.329644
-0.328447
-0.327277
-0.326132
-0.325012
-0.323918
-0.322848
-0.321803
-0.320783
-0.319788
-0.318816
-0.317869
-0.316946
-0.316047
-0.315172
-0.31432
-0.313492
-0.312687
-0.311906
-0.311147
-0.310412
-0.3097
-0.309011
-0.308344
-0.3077
-0.307079
-0.30648
-0.305904
-0.30535
-0.304818
-0.304309
-0.303821
-0.303356
-0.302913
-0.302491
-0.302092
-0.301715
-0.301359
-0.301025
-0.300713
-0.300422
-0.300153
-0.299906
-0.29968
-0.299476
-0.299293
-0.299132
-0.298993
-0.298875
-0.298778
-0.298703
-0.298649
-0.298616
-0.298605
-0.298616
-0.298648
-0.298701
-0.298775
-0.298872
-0.298989
-0.299128
-0.299289
-0.299471
-0.299674
-0.299899
-0.300146
-0.300414
-0.300704
-0.301016
-0.301349
-0.301705
-0.302081
-0.30248
-0.302901
-0.303344
-0.303808
-0.304295
-0.304804
-0.305335
-0.305888
-0.306464
-0.307062
-0.307683
-0.308326
-0.308992
-0.309681
-0.310393
-0.311127
-0.311885
-0.312666
-0.31347
-0.314297
-0.315148
-0.316023
-0.316921
-0.317844
-0.31879
-0.319761
-0.320756
-0.321775
-0.322819
-0.323888
-0.324982
-0.326101
-0.327245
-0.328415
-0.329611
-0.330832
-0.33208
-0.333354
-0.334654
-0.335981
-0.337336
-0.338717
-0.340126
-0.341563
-0.343028
-0.344521
-0.346043
-0.347594
-0.349173
-0.350783
-0.352422
-0.354091
-0.355791
-0.357522
-0.359284
-0.361078
-0.362904
-0.364762
-0.366653
-0.368578
-0.370536
-0.372529
-0.374556
-0.376619
-0.378717
-0.380852
-0.383024
-0.385233
-0.38748
-0.389767
-0.392092
-0.394458
-0.396864
-0.399312
-0.401802
-0.404335
-0.406913
-0.409534
-0.412202
-0.414916
-0.417678
-0.420488
-0.423348
-0.426258
-0.429221
-0.432236
-0.435305
-0.43843
-0.441612
-0.444852
-0.448151
-0.451512
-0.454936
-0.458424
-0.461978
-0.465601
-0.469293
-0.473058
-0.476896
-0.480811
-0.484804
-0.488878
-0.493036
-0.497281
-0.501614
-0.50604
-0.51056
-0.51518
-0.519901
-0.524728
-0.529665
-0.534715
-0.539884
-0.545175
-0.550595
-0.556147
-0.561837
-0.567672
-0.573657
-0.579799
-0.586106
-0.592585
-0.599243
-0.60609
-0.613135
-0.620388
-0.62786
-0.635561
-0.643505
-0.651704
-0.660173
-0.668928
-0.677986
-0.687364
-0.697082
-0.707163
-0.717629
-0.728507
-0.739825
-0.751614
-0.763907
-0.776743
-0.790162
-0.804212
-0.818943
-0.834412
-0.850684
-0.86783
-0.88593
-0.905077
-0.925374
-0.946938
-0.969906
-0.994433
-1.0207
-1.04891
-1.07932
-1.11221
-1.14792
-1.18687
-1.22955
-1.27655
-1.32861
-1.38666
-1.45183
-1.5256
-1.60985
-1.70707
-1.82056
-1.95485
-2.11617
-2.31335
-2.55901
-2.87119
-3.27451
-3.79628
-4.43928
-5.08719
-5.39365
-5.09441
-4.44871
-3.80491
-3.28173
-2.87718
-2.56406
-2.3177
-2.12001
-1.95829
-1.82371
-1.70997
-1.61257
-1.52816
-1.45427
-1.389
-1.33087
-1.27873
-1.23167
-1.18894
-1.14995
-1.1142
-1.08128
-1.05084
-1.02261
-0.99632
-0.971776
-0.948793
-0.927216
-0.906908
-0.887753
-0.869645
-0.852493
-0.836216
-0.820743
-0.80601
-0.791958
-0.778538
-0.765702
-0.75341
-0.741623
-0.730307
-0.719432
-0.708969
-0.698892
-0.689178
-0.679805
-0.670753
-0.662004
-0.65354
-0.645348
-0.637411
-0.629717
-0.622253
-0.615008
-0.607971
-0.601133
-0.594483
-0.588014
-0.581717
-0.575584
-0.569609
-0.563784
-0.558104
-0.552563
-0.547155
-0.541875
-0.536718
-0.531679
-0.526754
-0.521939
-0.51723
-0.512624
-0.508116
-0.503704
-0.499383
-0.495153
-0.491009
-0.486948
-0.482969
-0.479069
-0.475245
-0.471495
-0.467818
-0.464211
-0.460672
-0.457199
-0.453791
-0.450447
-0.447163
-0.44394
-0.440774
-0.437666
-0.434614
-0.431616
-0.428671
-0.425778
-0.422936
-0.420144
-0.4174
-0.414705
-0.412056
-0.409452
-0.406894
-0.40438
-0.401909
-0.399481
-0.397094
-0.394749
-0.392443
-0.390178
-0.387951
-0.385762
-0.383611
-0.381498
-0.379421
-0.377379
-0.375374
-0.373403
-0.371467
-0.369565
-0.367696
-0.365861
-0.364058
-0.362287
-0.360548
-0.358841
-0.357165
-0.355519
-0.353904
-0.352319
-0.350764
-0.349238
-0.347742
-0.346274
-0.344834
-0.343423
-0.34204
-0.340685
-0.339357
-0.338056
-0.336782
-0.335535
-0.334315
-0.333121
-0.331953
-0.330811
-0.329695
-0.328605
-0.327539
-0.326499
-0.325484
-0.324494
-0.323529
-0.322588
-0.321672
-0.32078
-0.319912
-0.319068
-0.318248
-0.317452
-0.31668
-0.315931
-0.315205
-0.314503
-0.313824
-0.313168
-0.312536
-0.311926
-0.311339
-0.310775
-0.310233
-0.309715
-0.309219
-0.308745
-0.308294
-0.307865
-0.307458
-0.307074
-0.306712
-0.306372
-0.306054
-0.305759
-0.305485
-0.305233
-0.305004
-0.304796
-0.30461
-0.304446
-0.304304
-0.304184
-0.304086
-0.304009
-0.303955
-0.303922
-0.303911
-0.303922
-0.303954
-0.304009
-0.304085
-0.304183
-0.304303
-0.304444
-0.304608
-0.304794
-0.305001
-0.30523
-0.305482
-0.305755
-0.30605
-0.306368
-0.306707
-0.307069
-0.307453
-0.307859
-0.308288
-0.308739
-0.309212
-0.309708
-0.310227
-0.310768
-0.311332
-0.311918
-0.312528
-0.31316
-0.313816
-0.314494
-0.315196
-0.315921
-0.31667
-0.317442
-0.318238
-0.319058
-0.319901
-0.320769
-0.32166
-0.322576
-0.323517
-0.324482
-0.325472
-0.326486
-0.327526
-0.328591
-0.329681
-0.330797
-0.331938
-0.333106
-0.3343
-0.33552
-0.336766
-0.33804
-0.33934
-0.340668
-0.342023
-0.343405
-0.344816
-0.346255
-0.347723
-0.349219
-0.350744
-0.352299
-0.353884
-0.355499
-0.357144
-0.358819
-0.360526
-0.362265
-0.364035
-0.365837
-0.367672
-0.369541
-0.371442
-0.373378
-0.375348
-0.377354
-0.379394
-0.381471
-0.383584
-0.385734
-0.387922
-0.390149
-0.392414
-0.394719
-0.397064
-0.39945
-0.401878
-0.404348
-0.406862
-0.409419
-0.412022
-0.41467
-0.417366
-0.420109
-0.4229
-0.425742
-0.428634
-0.431578
-0.434575
-0.437627
-0.440734
-0.443899
-0.447122
-0.450404
-0.453748
-0.457155
-0.460627
-0.464165
-0.467771
-0.471448
-0.475197
-0.479019
-0.482919
-0.486897
-0.490956
-0.495099
-0.499329
-0.503648
-0.508059
-0.512566
-0.517171
-0.521878
-0.526692
-0.531615
-0.536653
-0.541808
-0.547087
-0.552493
-0.558033
-0.563711
-0.569533
-0.575507
-0.581637
-0.587932
-0.594399
-0.601047
-0.607883
-0.614917
-0.622159
-0.62962
-0.637311
-0.645245
-0.653434
-0.661894
-0.670639
-0.679687
-0.689056
-0.698766
-0.708838
-0.719296
-0.730166
-0.741475
-0.753256
-0.765542
-0.77837
-0.791783
-0.805826
-0.82055
-0.836014
-0.852279
-0.86942
-0.887515
-0.906657
-0.926949
-0.948509
-0.971472
-0.995995
-1.02226
-1.05047
-1.08087
-1.11376
-1.14947
-1.18842
-1.2311
-1.2781
-1.33017
-1.38821
-1.45339
-1.52716
-1.61141
-1.70863
-1.82213
-1.95642
-2.11773
-2.3149
-2.56054
-2.87266
-3.27586
-3.7974
-4.44
-5.08744
-5.39394
-5.09544
-4.45041
-3.80688
-3.28375
-2.87917
-2.56599
-2.31958
-2.12183
-1.96007
-1.82545
-1.71169
-1.61426
-1.52984
-1.45593
-1.39064
-1.3325
-1.28035
-1.23328
-1.19055
-1.15156
-1.1158
-1.08288
-1.05244
-1.0242
-0.997919
-0.973376
-0.950396
-0.928821
-0.908516
-0.889364
-0.87126
-0.854113
-0.837841
-0.822373
-0.807645
-0.793599
-0.780185
-0.767356
-0.755071
-0.743291
-0.731983
-0.721115
-0.71066
-0.700591
-0.690885
-0.681521
-0.672477
-0.663737
-0.655284
-0.6471
-0.639173
-0.631489
-0.624036
-0.616801
-0.609775
-0.602948
-0.596309
-0.589851
-0.583565
-0.577444
-0.571481
-0.565668
-0.56
-0.554472
-0.549076
-0.543809
-0.538665
-0.533639
-0.528727
-0.523926
-0.519231
-0.514638
-0.510144
-0.505746
-0.501441
-0.497225
-0.493095
-0.48905
-0.485086
-0.481201
-0.477393
-0.473659
-0.469997
-0.466406
-0.462884
-0.459427
-0.456036
-0.452708
-0.449442
-0.446235
-0.443088
-0.439997
-0.436962
-0.433982
-0.431055
-0.428181
-0.425357
-0.422584
-0.419859
-0.417182
-0.414553
-0.411969
-0.40943
-0.406936
-0.404485
-0.402077
-0.39971
-0.397385
-0.395101
-0.392856
-0.39065
-0.388483
-0.386354
-0.384262
-0.382206
-0.380187
-0.378204
-0.376256
-0.374342
-0.372463
-0.370617
-0.368805
-0.367026
-0.365279
-0.363564
-0.361881
-0.360229
-0.358608
-0.357018
-0.355458
-0.353928
-0.352427
-0.350956
-0.349514
-0.3481
-0.346716
-0.345359
-0.34403
-0.342729
-0.341456
-0.340209
-0.33899
-0.337797
-0.336631
-0.335492
-0.334378
-0.333291
-0.332229
-0.331193
-0.330183
-0.329198
-0.328237
-0.327302
-0.326392
-0.325506
-0.324645
-0.323809
-0.322996
-0.322208
-0.321444
-0.320704
-0.319987
-0.319295
-0.318625
-0.31798
-0.317358
-0.316759
-0.316183
-0.315631
-0.315101
-0.314595
-0.314112
-0.313651
-0.313213
-0.312798
-0.312406
-0.312037
-0.311689
-0.311365
-0.311063
-0.310783
-0.310526
-0.310291
-0.310079
-0.309889
-0.309721
-0.309575
-0.309452
-0.309351
-0.309272
-0.309215
-0.309181
-0.309169
-0.309179
-0.309211
-0.309265
-0.309342
-0.309441
-0.309562
-0.309705
-0.309871
-0.310059
-0.310269
-0.310501
-0.310756
-0.311033
-0.311333
-0.311655
-0.312
-0.312368
-0.312758
-0.31317
-0.313606
-0.314064
-0.314545
-0.315049
-0.315576
-0.316126
-0.316699
-0.317296
-0.317916
-0.318559
-0.319225
-0.319916
-0.32063
-0.321368
-0.322129
-0.322915
-0.323725
-0.324559
-0.325418
-0.326301
-0.327209
-0.328141
-0.329099
-0.330081
-0.331089
-0.332123
-0.333182
-0.334267
-0.335377
-0.336514
-0.337677
-0.338867
-0.340084
-0.341328
-0.342598
-0.343897
-0.345222
-0.346576
-0.347958
-0.349369
-0.350808
-0.352276
-0.353774
-0.355301
-0.356858
-0.358445
-0.360063
-0.361711
-0.363391
-0.365103
-0.366846
-0.368623
-0.370431
-0.372274
-0.374149
-0.376059
-0.378004
-0.379984
-0.381999
-0.384051
-0.386139
-0.388264
-0.390428
-0.39263
-0.39487
-0.397151
-0.399472
-0.401834
-0.404238
-0.406684
-0.409174
-0.411708
-0.414288
-0.416913
-0.419585
-0.422304
-0.425073
-0.427891
-0.430761
-0.433682
-0.436657
-0.439686
-0.442771
-0.445912
-0.449113
-0.452373
-0.455695
-0.459079
-0.462529
-0.466045
-0.469629
-0.473283
-0.477009
-0.48081
-0.484687
-0.488643
-0.49268
-0.496801
-0.501008
-0.505304
-0.509693
-0.514176
-0.518759
-0.523444
-0.528234
-0.533134
-0.538148
-0.54328
-0.548534
-0.553917
-0.559432
-0.565085
-0.570882
-0.57683
-0.582935
-0.589203
-0.595644
-0.602264
-0.609072
-0.616077
-0.62329
-0.630721
-0.638381
-0.646282
-0.654439
-0.662864
-0.671575
-0.680586
-0.689917
-0.699587
-0.709618
-0.720033
-0.730857
-0.742119
-0.753849
-0.766082
-0.778854
-0.792207
-0.806185
-0.820842
-0.836231
-0.852418
-0.869473
-0.887476
-0.906517
-0.926699
-0.948138
-0.970969
-0.995346
-1.02144
-1.04947
-1.07967
-1.11233
-1.14778
-1.18642
-1.22875
-1.27535
-1.32694
-1.38442
-1.44892
-1.52187
-1.60512
-1.70109
-1.81301
-1.94526
-2.1039
-2.29748
-2.53822
-2.84359
-3.23758
-3.7477
-4.38118
-5.03828
-5.39121
-5.14275
-4.51184
-3.86082
-3.32647
-2.91251
-2.59236
-2.34086
-2.13938
-1.97483
-1.83807
-1.72266
-1.62392
-1.53845
-1.46369
-1.39769
-1.33897
-1.28633
-1.23884
-1.19575
-1.15644
-1.12042
-1.08726
-1.05661
-1.02819
-1.00175
-0.977061
-0.953952
-0.932262
-0.911855
-0.89261
-0.874421
-0.857198
-0.840857
-0.825327
-0.810542
-0.796445
-0.782984
-0.770111
-0.757787
-0.745971
-0.73463
-0.723733
-0.713251
-0.703157
-0.693429
-0.684044
-0.674983
-0.666226
-0.657757
-0.64956
-0.641621
-0.633926
-0.626464
-0.619221
-0.612188
-0.605354
-0.59871
-0.592248
-0.585959
-0.579835
-0.57387
-0.568057
-0.562389
-0.556861
-0.551466
-0.546201
-0.541059
-0.536036
-0.531129
-0.526331
-0.521641
-0.517053
-0.512565
-0.508173
-0.503874
-0.499665
-0.495543
-0.491505
-0.48755
-0.483673
-0.479874
-0.47615
-0.472498
-0.468917
-0.465405
-0.461959
-0.458579
-0.455263
-0.452008
-0.448814
-0.445678
-0.4426
-0.439579
-0.436612
-0.433699
-0.430838
-0.428028
-0.425269
-0.422559
-0.419898
-0.417283
-0.414715
-0.412192
-0.409714
-0.407279
-0.404887
-0.402538
-0.40023
-0.397963
-0.395735
-0.393548
-0.391398
-0.389287
-0.387214
-0.385178
-0.383178
-0.381214
-0.379285
-0.377391
-0.375532
-0.373707
-0.371915
-0.370157
-0.368431
-0.366737
-0.365076
-0.363446
-0.361847
-0.360279
-0.358741
-0.357234
-0.355756
-0.354308
-0.35289
-0.3515
-0.350139
-0.348807
-0.347502
-0.346226
-0.344978
-0.343756
-0.342563
-0.341396
-0.340256
-0.339142
-0.338055
-0.336995
-0.33596
-0.334951
-0.333968
-0.333011
-0.332079
-0.331172
-0.33029
-0.329434
-0.328602
-0.327795
-0.327012
-0.326254
-0.32552
-0.32481
-0.324124
-0.323463
-0.322825
-0.322211
-0.321621
-0.321054
-0.320511
-0.319992
-0.319496
-0.319023
-0.318573
-0.318147
-0.317744
-0.317363
-0.317006
-0.316672
-0.316361
-0.316072
-0.315806
-0.315564
-0.315344
-0.315146
-0.314972
-0.31482
-0.31469
-0.314584
-0.3145
-0.314438
-0.314399
-0.314383
-0.31439
-0.314419
-0.31447
-0.314545
-0.314641
-0.314761
-0.314903
-0.315068
-0.315255
-0.315465
-0.315698
-0.315954
-0.316233
-0.316534
-0.316858
-0.317206
-0.317576
-0.317969
-0.318386
-0.318825
-0.319288
-0.319774
-0.320283
-0.320816
-0.321372
-0.321952
-0.322556
-0.323183
-0.323835
-0.32451
-0.325209
-0.325932
-0.32668
-0.327452
-0.328249
-0.32907
-0.329916
-0.330787
-0.331683
-0.332604
-0.33355
-0.334522
-0.33552
-0.336543
-0.337592
-0.338668
-0.33977
-0.340898
-0.342053
-0.343235
-0.344445
-0.345681
-0.346945
-0.348238
-0.349558
-0.350906
-0.352283
-0.353689
-0.355125
-0.356589
-0.358084
-0.359608
-0.361163
-0.362748
-0.364365
-0.366013
-0.367692
-0.369404
-0.371148
-0.372926
-0.374736
-0.376581
-0.37846
-0.380373
-0.382322
-0.384306
-0.386326
-0.388384
-0.390478
-0.392611
-0.394782
-0.396992
-0.399242
-0.401532
-0.403863
-0.406237
-0.408652
-0.411112
-0.413615
-0.416163
-0.418758
-0.421399
-0.424088
-0.426826
-0.429613
-0.432451
-0.435342
-0.438285
-0.441283
-0.444336
-0.447446
-0.450615
-0.453843
-0.457133
-0.460485
-0.463902
-0.467385
-0.470936
-0.474557
-0.47825
-0.482016
-0.485859
-0.48978
-0.493782
-0.497867
-0.502038
-0.506297
-0.510649
-0.515095
-0.519639
-0.524284
-0.529035
-0.533894
-0.538866
-0.543956
-0.549167
-0.554505
-0.559974
-0.565581
-0.571331
-0.577229
-0.583283
-0.589499
-0.595885
-0.602449
-0.6092
-0.616145
-0.623296
-0.630662
-0.638255
-0.646086
-0.654169
-0.662518
-0.671148
-0.680075
-0.689318
-0.698894
-0.708827
-0.719137
-0.729851
-0.740996
-0.752602
-0.764701
-0.777331
-0.790531
-0.804347
-0.818826
-0.834026
-0.850007
-0.866838
-0.884597
-0.903372
-0.923261
-0.944379
-0.966854
-0.990836
-1.0165
-1.04403
-1.07368
-1.1057
-1.14044
-1.17827
-1.21965
-1.26515
-1.31545
-1.37141
-1.43409
-1.50483
-1.58539
-1.67801
-1.7857
-1.91253
-2.06408
-2.24821
-2.47609
-2.76376
-3.13358
-3.61308
-4.219
-4.89053
-5.35663
-5.25532
-4.67883
-4.01202
-3.44645
-3.00539
-2.66494
-2.39866
-2.18636
-2.01375
-1.87089
-1.75074
-1.64828
-1.55983
-1.48264
-1.41466
-1.35427
-1.30024
-1.25156
-1.20746
-1.16728
-1.1305
-1.09667
-1.06545
-1.03651
-1.0096
-0.98451
-0.961034
-0.939016
-0.918311
-0.898797
-0.880365
-0.862919
-0.846376
-0.83066
-0.815705
-0.801451
-0.787846
-0.774841
-0.762394
-0.750465
-0.739019
-0.728025
-0.717452
-0.707275
-0.697468
-0.68801
-0.678881
-0.670061
-0.661533
-0.653281
-0.645291
-0.637548
-0.63004
-0.622755
-0.615683
-0.608812
-0.602134
-0.59564
-0.589321
-0.583169
-0.577178
-0.571341
-0.565651
-0.560102
-0.554688
-0.549404
-0.544246
-0.539208
-0.534286
-0.529476
-0.524774
-0.520176
-0.515678
-0.511277
-0.50697
-0.502754
-0.498626
-0.494584
-0.490623
-0.486744
-0.482941
-0.479215
-0.475562
-0.47198
-0.468467
-0.465023
-0.461644
-0.458329
-0.455076
-0.451885
-0.448753
-0.445679
-0.442661
-0.439699
-0.436792
-0.433937
-0.431134
-0.428381
-0.425678
-0.423024
-0.420418
-0.417858
-0.415344
-0.412875
-0.41045
-0.408068
-0.405729
-0.403432
-0.401176
-0.39896
-0.396784
-0.394647
-0.392549
-0.390488
-0.388465
-0.386479
-0.384529
-0.382614
-0.380735
-0.378891
-0.377081
-0.375304
-0.373562
-0.371852
-0.370175
-0.36853
-0.366917
-0.365335
-0.363785
-0.362265
-0.360776
-0.359317
-0.357888
-0.356488
-0.355118
-0.353777
-0.352464
-0.35118
-0.349925
-0.348697
-0.347497
-0.346325
-0.34518
-0.344062
-0.342971
-0.341906
-0.340868
-0.339857
-0.338872
-0.337913
-0.336979
-0.336072
-0.335189
-0.334333
-0.333501
-0.332695
-0.331913
-0.331157
-0.330425
-0.329718
-0.329035
-0.328377
-0.327743
-0.327134
-0.326548
-0.325986
-0.325449
-0.324935
-0.324445
-0.323979
-0.323536
-0.323117
-0.322722
-0.32235
-0.322001
-0.321676
-0.321374
-0.321095
-0.32084
-0.320608
-0.320398
-0.320212
-0.32005
-0.31991
-0.319793
-0.319699
-0.319629
-0.319581
-0.319556
-0.319555
-0.319576
-0.31962
-0.319688
-0.319778
-0.319891
-0.320028
-0.320188
-0.32037
-0.320576
-0.320805
-0.321057
-0.321332
-0.321631
-0.321953
-0.322298
-0.322667
-0.323059
-0.323475
-0.323914
-0.324377
-0.324863
-0.325373
-0.325908
-0.326466
-0.327048
-0.327654
-0.328284
-0.328939
-0.329618
-0.330322
-0.33105
-0.331803
-0.332581
-0.333383
-0.334211
-0.335064
-0.335943
-0.336847
-0.337777
-0.338732
-0.339714
-0.340721
-0.341755
-0.342816
-0.343903
-0.345017
-0.346158
-0.347326
-0.348522
-0.349746
-0.350998
-0.352278
-0.353586
-0.354923
-0.356289
-0.357684
-0.359109
-0.360564
-0.362049
-0.363564
-0.36511
-0.366687
-0.368295
-0.369936
-0.371608
-0.373313
-0.375051
-0.376823
-0.378628
-0.380467
-0.382341
-0.384251
-0.386196
-0.388177
-0.390195
-0.39225
-0.394343
-0.396474
-0.398644
-0.400854
-0.403105
-0.405396
-0.407729
-0.410104
-0.412523
-0.414986
-0.417493
-0.420046
-0.422646
-0.425293
-0.427989
-0.430734
-0.43353
-0.436377
-0.439277
-0.442231
-0.445241
-0.448307
-0.45143
-0.454613
-0.457857
-0.461162
-0.464532
-0.467967
-0.47147
-0.475041
-0.478684
-0.4824
-0.486191
-0.49006
-0.494008
-0.498039
-0.502154
-0.506358
-0.510651
-0.515038
-0.519522
-0.524105
-0.528792
-0.533587
-0.538492
-0.543513
-0.548654
-0.553919
-0.559314
-0.564843
-0.570513
-0.576328
-0.582297
-0.588425
-0.594719
-0.601188
-0.607839
-0.614681
-0.621724
-0.628977
-0.636452
-0.644161
-0.652115
-0.660328
-0.668815
-0.677592
-0.686676
-0.696085
-0.70584
-0.715962
-0.726477
-0.737409
-0.748788
-0.760645
-0.773015
-0.785937
-0.799453
-0.81361
-0.828461
-0.844063
-0.860483
-0.877793
-0.896078
-0.91543
-0.935956
-0.957777
-0.981033
-1.00588
-1.03252
-1.06114
-1.09202
-1.12545
-1.16178
-1.20144
-1.24495
-1.29292
-1.34612
-1.40553
-1.47233
-1.54807
-1.63475
-1.73499
-1.85232
-1.99154
-2.15933
-2.36515
-2.62257
-2.95084
-3.37565
-3.9227
-4.58104
-5.19238
-5.3823
-4.9815
-4.31768
-3.69577
-3.19861
-2.8148
-2.51683
-2.28143
-2.09175
-1.93602
-1.80598
-1.69578
-1.60117
-1.51901
-1.44695
-1.38318
-1.32631
-1.27524
-1.22909
-1.18715
-1.14884
-1.11369
-1.08129
-1.05132
-1.0235
-0.997586
-0.97338
-0.950703
-0.929406
-0.909354
-0.890435
-0.872545
-0.855595
-0.839508
-0.824211
-0.809644
-0.795749
-0.782477
-0.769781
-0.757623
-0.745963
-0.73477
-0.724012
-0.713662
-0.703694
-0.694085
-0.684814
-0.675861
-0.667208
-0.658839
-0.650738
-0.642892
-0.635286
-0.627909
-0.62075
-0.613797
-0.607042
-0.600474
-0.594086
-0.587869
-0.581816
-0.57592
-0.570174
-0.564573
-0.559109
-0.553779
-0.548576
-0.543495
-0.538533
-0.533685
-0.528947
-0.524315
-0.519785
-0.515354
-0.511018
-0.506775
-0.502621
-0.498554
-0.494571
-0.49067
-0.486847
-0.483101
-0.47943
-0.475832
-0.472304
-0.468844
-0.465452
-0.462124
-0.45886
-0.455657
-0.452515
-0.449432
-0.446406
-0.443437
-0.440522
-0.437661
-0.434853
-0.432096
-0.429389
-0.426732
-0.424123
-0.421561
-0.419045
-0.416575
-0.41415
-0.411769
-0.409431
-0.407135
-0.404881
-0.402667
-0.400494
-0.398361
-0.396266
-0.39421
-0.392192
-0.390211
-0.388266
-0.386358
-0.384486
-0.382648
-0.380846
-0.379078
-0.377343
-0.375642
-0.373974
-0.372339
-0.370736
-0.369164
-0.367625
-0.366116
-0.364638
-0.363191
-0.361774
-0.360387
-0.35903
-0.357702
-0.356403
-0.355133
-0.353892
-0.352679
-0.351494
-0.350337
-0.349207
-0.348106
-0.347031
-0.345983
-0.344963
-0.343969
-0.343001
-0.34206
-0.341145
-0.340256
-0.339393
-0.338556
-0.337744
-0.336958
-0.336197
-0.335461
-0.33475
-0.334064
-0.333404
-0.332767
-0.332156
-0.331569
-0.331007
-0.330469
-0.329955
-0.329465
-0.329
-0.328558
-0.328141
-0.327748
-0.327378
-0.327032
-0.32671
-0.326412
-0.326137
-0.325886
-0.325659
-0.325455
-0.325275
-0.325118
-0.324985
-0.324875
-0.324789
-0.324726
-0.324686
-0.32467
-0.324678
-0.324708
-0.324763
-0.32484
-0.324941
-0.325066
-0.325214
-0.325385
-0.32558
-0.325799
-0.326041
-0.326307
-0.326596
-0.32691
-0.327246
-0.327607
-0.327992
-0.3284
-0.328833
-0.329289
-0.32977
-0.330274
-0.330803
-0.331357
-0.331935
-0.332537
-0.333164
-0.333815
-0.334492
-0.335193
-0.33592
-0.336671
-0.337448
-0.33825
-0.339078
-0.339932
-0.340811
-0.341716
-0.342648
-0.343605
-0.344589
-0.3456
-0.346638
-0.347702
-0.348794
-0.349913
-0.35106
-0.352234
-0.353437
-0.354668
-0.355927
-0.357215
-0.358532
-0.359879
-0.361254
-0.36266
-0.364096
-0.365562
-0.367059
-0.368587
-0.370147
-0.371738
-0.373361
-0.375017
-0.376706
-0.378428
-0.380183
-0.381973
-0.383798
-0.385657
-0.387552
-0.389482
-0.39145
-0.393454
-0.395496
-0.397576
-0.399695
-0.401853
-0.404052
-0.406291
-0.408571
-0.410893
-0.413258
-0.415667
-0.41812
-0.420619
-0.423163
-0.425754
-0.428394
-0.431082
-0.43382
-0.436609
-0.439451
-0.442345
-0.445294
-0.448299
-0.45136
-0.45448
-0.45766
-0.460901
-0.464205
-0.467573
-0.471007
-0.47451
-0.478082
-0.481726
-0.485443
-0.489237
-0.493109
-0.497061
-0.501097
-0.505218
-0.509427
-0.513728
-0.518123
-0.522616
-0.52721
-0.531908
-0.536715
-0.541634
-0.54667
-0.551826
-0.557109
-0.562522
-0.568072
-0.573763
-0.579603
-0.585597
-0.591751
-0.598075
-0.604575
-0.611259
-0.618137
-0.625218
-0.632513
-0.640032
-0.647787
-0.655792
-0.664059
-0.672604
-0.681443
-0.690594
-0.700074
-0.709906
-0.720111
-0.730714
-0.741742
-0.753224
-0.765193
-0.777684
-0.790736
-0.804394
-0.818705
-0.833723
-0.849508
-0.866127
-0.883657
-0.902182
-0.9218
-0.942619
-0.964765
-0.988383
-1.01364
-1.04072
-1.06986
-1.10132
-1.1354
-1.17249
-1.21302
-1.25752
-1.30667
-1.36126
-1.42231
-1.4911
-1.56926
-1.65891
-1.76288
-1.88494
-2.03029
-2.20617
-2.42289
-2.6952
-3.04391
-3.49582
-4.07316
-4.74311
-5.29147
-5.3341
-4.83251
-4.1612
-3.5674
-3.09964
-2.73874
-2.45753
-2.23431
-2.05361
-1.90462
-1.77976
-1.67359
-1.58219
-1.50261
-1.43266
-1.37065
-1.31525
-1.26542
-1.22032
-1.17929
-1.14177
-1.10731
-1.07552
-1.04608
-1.01874
-0.993254
-0.96943
-0.947098
-0.926112
-0.906345
-0.887683
-0.87003
-0.853298
-0.837411
-0.8223
-0.807904
-0.794168
-0.781044
-0.768488
-0.756458
-0.744921
-0.733842
-0.723192
-0.712943
-0.703071
-0.693554
-0.684369
-0.675499
-0.666925
-0.658631
-0.650603
-0.642825
-0.635285
-0.627972
-0.620874
-0.61398
-0.607281
-0.600769
-0.594434
-0.588269
-0.582266
-0.576418
-0.57072
-0.565164
-0.559746
-0.554459
-0.549299
-0.544261
-0.53934
-0.534532
-0.529834
-0.52524
-0.520748
-0.516355
-0.512056
-0.507849
-0.503732
-0.4997
-0.495752
-0.491886
-0.488098
-0.484386
-0.480749
-0.477183
-0.473688
-0.470262
-0.466902
-0.463606
-0.460375
-0.457204
-0.454094
-0.451043
-0.448049
-0.44511
-0.442227
-0.439398
-0.43662
-0.433894
-0.431219
-0.428592
-0.426014
-0.423483
-0.420999
-0.41856
-0.416166
-0.413815
-0.411508
-0.409243
-0.40702
-0.404838
-0.402696
-0.400594
-0.39853
-0.396506
-0.394519
-0.392569
-0.390656
-0.38878
-0.386939
-0.385133
-0.383363
-0.381627
-0.379924
-0.378255
-0.37662
-0.375017
-0.373447
-0.371908
-0.370401
-0.368926
-0.367481
-0.366068
-0.364684
-0.363331
-0.362007
-0.360714
-0.359449
-0.358213
-0.357006
-0.355828
-0.354678
-0.353556
-0.352462
-0.351396
-0.350357
-0.349345
-0.348361
-0.347403
-0.346472
-0.345568
-0.34469
-0.343839
-0.343013
-0.342213
-0.34144
-0.340692
-0.339969
-0.339272
-0.338601
-0.337954
-0.337333
-0.336737
-0.336165
-0.335619
-0.335097
-0.3346
-0.334128
-0.33368
-0.333256
-0.332857
-0.332482
-0.332132
-0.331805
-0.331503
-0.331225
-0.330971
-0.330741
-0.330535
-0.330353
-0.330195
-0.33006
-0.32995
-0.329863
-0.329801
-0.329762
-0.329747
-0.329756
-0.329789
-0.329845
-0.329926
-0.33003
-0.330158
-0.33031
-0.330486
-0.330686
-0.33091
-0.331158
-0.33143
-0.331726
-0.332046
-0.332391
-0.332759
-0.333152
-0.33357
-0.334012
-0.334478
-0.334969
-0.335484
-0.336024
-0.336589
-0.337179
-0.337794
-0.338434
-0.339099
-0.33979
-0.340506
-0.341247
-0.342014
-0.342807
-0.343626
-0.344471
-0.345342
-0.34624
-0.347164
-0.348115
-0.349093
-0.350097
-0.351129
-0.352189
-0.353276
-0.35439
-0.355533
-0.356704
-0.357904
-0.359132
-0.360389
-0.361676
-0.362992
-0.364337
-0.365713
-0.367119
-0.368556
-0.370023
-0.371522
-0.373052
-0.374615
-0.376209
-0.377837
-0.379497
-0.381191
-0.382918
-0.38468
-0.386477
-0.388308
-0.390176
-0.392079
-0.39402
-0.395997
-0.398012
-0.400065
-0.402158
-0.40429
-0.406461
-0.408674
-0.410928
-0.413225
-0.415564
-0.417947
-0.420375
-0.422847
-0.425366
-0.427932
-0.430546
-0.433209
-0.435923
-0.438687
-0.441503
-0.444372
-0.447296
-0.450276
-0.453313
-0.456408
-0.459563
-0.462779
-0.466058
-0.469401
-0.472811
-0.476288
-0.479835
-0.483454
-0.487147
-0.490915
-0.494762
-0.498689
-0.502699
-0.506794
-0.510978
-0.515253
-0.519622
-0.524089
-0.528656
-0.533327
-0.538107
-0.542999
-0.548007
-0.553135
-0.558389
-0.563774
-0.569294
-0.574956
-0.580765
-0.586727
-0.592851
-0.599142
-0.605608
-0.612259
-0.619102
-0.626147
-0.633405
-0.640886
-0.648602
-0.656566
-0.664791
-0.673292
-0.682085
-0.691188
-0.700619
-0.710399
-0.720549
-0.731095
-0.742062
-0.75348
-0.765381
-0.7778
-0.790775
-0.804351
-0.818574
-0.833498
-0.849182
-0.865692
-0.883103
-0.9015
-0.920976
-0.94164
-0.963617
-0.987046
-1.01209
-1.03894
-1.06782
-1.09899
-1.13274
-1.16944
-1.20953
-1.25353
-1.30209
-1.35598
-1.4162
-1.48399
-1.56093
-1.64909
-1.75117
-1.87084
-2.01308
-2.18484
-2.39599
-2.66067
-2.99888
-3.43685
-3.99873
-4.66345
-5.24576
-5.3633
-4.91021
-4.24148
-3.63356
-3.15129
-2.77908
-2.48958
-2.26031
-2.07513
-1.92277
-1.79532
-1.68712
-1.5941
-1.51322
-1.44221
-1.37931
-1.32317
-1.27272
-1.22709
-1.1856
-1.14768
-1.11287
-1.08078
-1.05108
-1.0235
-0.997802
-0.973791
-0.951291
-0.930155
-0.910252
-0.891468
-0.873703
-0.856871
-0.840891
-0.825696
-0.811224
-0.797418
-0.78423
-0.771615
-0.759532
-0.747945
-0.73682
-0.726129
-0.715842
-0.705935
-0.696385
-0.687171
-0.678273
-0.669674
-0.661358
-0.653308
-0.645511
-0.637954
-0.630625
-0.623512
-0.616606
-0.609896
-0.603373
-0.597029
-0.590856
-0.584846
-0.578992
-0.573289
-0.567729
-0.562307
-0.557018
-0.551856
-0.546817
-0.541896
-0.537089
-0.532392
-0.5278
-0.523311
-0.51892
-0.514625
-0.510422
-0.506309
-0.502283
-0.498341
-0.49448
-0.490699
-0.486994
-0.483364
-0.479807
-0.47632
-0.472902
-0.469552
-0.466266
-0.463044
-0.459884
-0.456784
-0.453744
-0.450761
-0.447835
-0.444964
-0.442146
-0.439382
-0.436669
-0.434007
-0.431394
-0.42883
-0.426313
-0.423844
-0.42142
-0.419041
-0.416706
-0.414414
-0.412166
-0.409959
-0.407793
-0.405668
-0.403583
-0.401537
-0.39953
-0.397562
-0.39563
-0.393736
-0.391878
-0.390057
-0.388271
-0.38652
-0.384804
-0.383122
-0.381473
-0.379859
-0.378277
-0.376728
-0.375211
-0.373726
-0.372272
-0.37085
-0.369459
-0.368099
-0.366769
-0.365469
-0.364199
-0.362958
-0.361747
-0.360565
-0.359411
-0.358286
-0.35719
-0.356122
-0.355081
-0.354069
-0.353084
-0.352126
-0.351195
-0.350292
-0.349415
-0.348565
-0.347742
-0.346945
-0.346175
-0.34543
-0.344712
-0.344019
-0.343352
-0.342711
-0.342095
-0.341505
-0.34094
-0.340401
-0.339886
-0.339397
-0.338932
-0.338493
-0.338078
-0.337688
-0.337323
-0.336983
-0.336667
-0.336376
-0.336109
-0.335867
-0.335649
-0.335456
-0.335287
-0.335142
-0.335021
-0.334925
-0.334854
-0.334806
-0.334783
-0.334784
-0.334809
-0.334859
-0.334932
-0.33503
-0.335153
-0.3353
-0.335471
-0.335666
-0.335886
-0.33613
-0.336399
-0.336692
-0.33701
-0.337353
-0.33772
-0.338112
-0.338528
-0.33897
-0.339436
-0.339928
-0.340444
-0.340986
-0.341553
-0.342145
-0.342763
-0.343406
-0.344075
-0.34477
-0.345491
-0.346237
-0.34701
-0.347809
-0.348635
-0.349487
-0.350366
-0.351271
-0.352204
-0.353164
-0.354151
-0.355166
-0.356209
-0.35728
-0.358379
-0.359506
-0.360662
-0.361846
-0.36306
-0.364303
-0.365576
-0.366878
-0.368211
-0.369573
-0.370967
-0.372392
-0.373848
-0.375335
-0.376855
-0.378407
-0.379991
-0.381609
-0.38326
-0.384945
-0.386664
-0.388417
-0.390206
-0.392031
-0.393892
-0.395789
-0.397723
-0.399695
-0.401705
-0.403754
-0.405843
-0.407971
-0.41014
-0.41235
-0.414603
-0.416898
-0.419236
-0.421619
-0.424047
-0.42652
-0.429041
-0.431609
-0.434226
-0.436892
-0.439609
-0.442378
-0.4452
-0.448075
-0.451006
-0.453994
-0.457039
-0.460143
-0.463308
-0.466536
-0.469827
-0.473183
-0.476607
-0.480099
-0.483662
-0.487298
-0.491009
-0.494797
-0.498664
-0.502614
-0.506647
-0.510767
-0.514977
-0.51928
-0.523679
-0.528177
-0.532777
-0.537483
-0.5423
-0.54723
-0.55228
-0.557452
-0.562752
-0.568185
-0.573756
-0.579472
-0.585338
-0.591361
-0.597548
-0.603907
-0.610445
-0.617171
-0.624094
-0.631224
-0.638572
-0.646148
-0.653965
-0.662037
-0.670376
-0.678999
-0.687922
-0.697163
-0.706742
-0.71668
-0.726999
-0.737726
-0.748887
-0.760514
-0.77264
-0.785301
-0.798538
-0.812397
-0.826927
-0.842185
-0.858232
-0.875139
-0.892984
-0.911857
-0.931858
-0.953102
-0.975721
-0.999865
-1.02571
-1.05346
-1.08334
-1.11565
-1.1507
-1.18889
-1.2307
-1.2767
-1.32759
-1.38425
-1.44777
-1.51952
-1.60131
-1.69546
-1.80508
-1.93436
-2.0891
-2.27745
-2.51102
-2.80643
-3.18669
-3.67922
-4.29663
-4.96163
-5.37818
-5.21071
-4.60942
-3.95029
-3.3994
-2.97089
-2.63971
-2.38012
-2.17266
-2.00363
-1.86346
-1.74538
-1.64455
-1.55739
-1.48126
-1.41414
-1.35447
-1.30104
-1.25289
-1.20923
-1.16943
-1.13299
-1.09946
-1.0685
-1.0398
-1.01311
-0.988212
-0.964915
-0.943059
-0.922506
-0.903132
-0.88483
-0.867508
-0.85108
-0.835473
-0.820622
-0.806467
-0.792957
-0.780043
-0.767683
-0.755839
-0.744475
-0.73356
-0.723066
-0.712964
-0.703232
-0.693847
-0.68479
-0.67604
-0.667582
-0.6594
-0.651477
-0.643802
-0.636362
-0.629144
-0.622138
-0.615334
-0.608722
-0.602293
-0.59604
-0.589955
-0.58403
-0.578258
-0.572634
-0.567151
-0.561803
-0.556586
-0.551495
-0.546524
-0.541669
-0.536927
-0.532292
-0.527762
-0.523333
-0.519001
-0.514764
-0.510618
-0.50656
-0.502588
-0.498699
-0.494891
-0.491161
-0.487507
-0.483927
-0.480419
-0.476981
-0.473611
-0.470308
-0.467069
-0.463893
-0.460779
-0.457725
-0.454729
-0.451791
-0.448908
-0.446081
-0.443307
-0.440585
-0.437915
-0.435295
-0.432725
-0.430202
-0.427727
-0.425299
-0.422916
-0.420578
-0.418285
-0.416034
-0.413826
-0.41166
-0.409535
-0.40745
-0.405405
-0.4034
-0.401433
-0.399504
-0.397613
-0.395759
-0.393942
-0.39216
-0.390414
-0.388703
-0.387027
-0.385385
-0.383777
-0.382203
-0.380661
-0.379152
-0.377676
-0.376232
-0.374819
-0.373438
-0.372087
-0.370768
-0.369479
-0.36822
-0.366991
-0.365792
-0.364622
-0.363482
-0.36237
-0.361287
-0.360233
-0.359207
-0.358209
-0.357239
-0.356297
-0.355382
-0.354495
-0.353635
-0.352802
-0.351996
-0.351217
-0.350464
-0.349738
-0.349038
-0.348365
-0.347718
-0.347096
-0.346501
-0.345931
-0.345387
-0.344869
-0.344376
-0.343909
-0.343467
-0.343051
-0.342659
-0.342293
-0.341952
-0.341636
-0.341345
-0.341079
-0.340838
-0.340621
-0.34043
-0.340263
-0.340121
-0.340004
-0.339912
-0.339844
-0.339801
-0.339783
-0.339789
-0.33982
-0.339876
-0.339957
-0.340062
-0.340192
-0.340347
-0.340526
-0.340731
-0.34096
-0.341214
-0.341493
-0.341797
-0.342126
-0.34248
-0.342859
-0.343264
-0.343694
-0.344149
-0.344629
-0.345135
-0.345667
-0.346224
-0.346807
-0.347416
-0.34805
-0.348711
-0.349398
-0.350112
-0.350852
-0.351618
-0.352411
-0.353231
-0.354078
-0.354952
-0.355854
-0.356783
-0.357739
-0.358724
-0.359736
-0.360777
-0.361846
-0.362944
-0.36407
-0.365226
-0.366411
-0.367625
-0.36887
-0.370144
-0.371449
-0.372784
-0.374151
-0.375548
-0.376978
-0.378438
-0.379932
-0.381457
-0.383016
-0.384608
-0.386233
-0.387893
-0.389587
-0.391316
-0.39308
-0.394881
-0.396717
-0.39859
-0.400501
-0.402449
-0.404436
-0.406462
-0.408527
-0.410633
-0.412779
-0.414967
-0.417197
-0.41947
-0.421787
-0.424148
-0.426554
-0.429006
-0.431506
-0.434053
-0.436649
-0.439295
-0.441992
-0.44474
-0.447542
-0.450398
-0.453309
-0.456277
-0.459303
-0.462388
-0.465534
-0.468742
-0.472015
-0.475352
-0.478758
-0.482232
-0.485777
-0.489395
-0.493088
-0.496858
-0.500708
-0.50464
-0.508656
-0.512759
-0.516952
-0.521238
-0.52562
-0.530101
-0.534685
-0.539375
-0.544175
-0.54909
-0.554123
-0.559279
-0.564563
-0.56998
-0.575536
-0.581236
-0.587086
-0.593094
-0.599265
-0.605608
-0.612131
-0.618841
-0.625749
-0.632864
-0.640196
-0.647757
-0.655558
-0.663614
-0.671938
-0.680545
-0.689452
-0.698677
-0.70824
-0.718161
-0.728463
-0.739173
-0.750317
-0.761926
-0.774033
-0.786675
-0.799893
-0.813732
-0.828241
-0.843477
-0.859501
-0.876384
-0.894204
-0.913049
-0.933021
-0.954234
-0.976819
-1.00093
-1.02673
-1.05444
-1.08427
-1.11652
-1.15152
-1.18964
-1.23137
-1.27728
-1.32806
-1.3846
-1.44796
-1.51954
-1.60111
-1.69499
-1.80426
-1.93309
-2.08725
-2.27481
-2.5073
-2.80121
-3.17939
-3.66921
-4.284
-4.94961
-5.37519
-5.22057
-4.62466
-3.96464
-3.41124
-2.98046
-2.64755
-2.38666
-2.17825
-2.00851
-1.8678
-1.7493
-1.64813
-1.56071
-1.48436
-1.41706
-1.35724
-1.30369
-1.25543
-1.21168
-1.1718
-1.13529
-1.10171
-1.0707
-1.04196
-1.01523
-0.9903
-0.966974
-0.945093
-0.924518
-0.905125
-0.886807
-0.86947
-0.85303
-0.837413
-0.822553
-0.808391
-0.794874
-0.781956
-0.769592
-0.757745
-0.74638
-0.735464
-0.72497
-0.714869
-0.705138
-0.695756
-0.686701
-0.677955
-0.669501
-0.661323
-0.653406
-0.645736
-0.638302
-0.63109
-0.624091
-0.617294
-0.61069
-0.60427
-0.598025
-0.591948
-0.586032
-0.58027
-0.574656
-0.569183
-0.563846
-0.558639
-0.553559
-0.548599
-0.543756
-0.539025
-0.534403
-0.529886
-0.525469
-0.52115
-0.516926
-0.512793
-0.508749
-0.504791
-0.500917
-0.497123
-0.493407
-0.489768
-0.486204
-0.482711
-0.479288
-0.475934
-0.472647
-0.469424
-0.466265
-0.463167
-0.46013
-0.457151
-0.45423
-0.451366
-0.448556
-0.4458
-0.443097
-0.440445
-0.437844
-0.435292
-0.432789
-0.430333
-0.427925
-0.425562
-0.423244
-0.42097
-0.41874
-0.416553
-0.414408
-0.412304
-0.41024
-0.408217
-0.406234
-0.404289
-0.402383
-0.400514
-0.398683
-0.396888
-0.39513
-0.393407
-0.39172
-0.390068
-0.38845
-0.386867
-0.385317
-0.3838
-0.382317
-0.380866
-0.379447
-0.37806
-0.376705
-0.375381
-0.374088
-0.372826
-0.371594
-0.370393
-0.369221
-0.368079
-0.366967
-0.365884
-0.36483
-0.363804
-0.362807
-0.361839
-0.360899
-0.359987
-0.359103
-0.358246
-0.357417
-0.356615
-0.355841
-0.355093
-0.354373
-0.353679
-0.353012
-0.352372
-0.351758
-0.35117
-0.350609
-0.350074
-0.349564
-0.349081
-0.348624
-0.348192
-0.347786
-0.347406
-0.347051
-0.346722
-0.346419
-0.34614
-0.345887
-0.34566
-0.345458
-0.345281
-0.345129
-0.345002
-0.344901
-0.344825
-0.344774
-0.344748
-0.344747
-0.344771
-0.344821
-0.344896
-0.344996
-0.345121
-0.345271
-0.345446
-0.345647
-0.345873
-0.346124
-0.346401
-0.346703
-0.347031
-0.347384
-0.347762
-0.348167
-0.348597
-0.349053
-0.349534
-0.350042
-0.350576
-0.351135
-0.351721
-0.352334
-0.352973
-0.353638
-0.35433
-0.355049
-0.355795
-0.356567
-0.357367
-0.358195
-0.35905
-0.359932
-0.360843
-0.361781
-0.362748
-0.363743
-0.364766
-0.365819
-0.3669
-0.368011
-0.369151
-0.37032
-0.37152
-0.37275
-0.37401
-0.375301
-0.376623
-0.377977
-0.379361
-0.380778
-0.382227
-0.383709
-0.385224
-0.386771
-0.388353
-0.389969
-0.391619
-0.393304
-0.395024
-0.39678
-0.398572
-0.400401
-0.402268
-0.404172
-0.406114
-0.408096
-0.410116
-0.412177
-0.414278
-0.416421
-0.418606
-0.420833
-0.423104
-0.425419
-0.42778
-0.430186
-0.432638
-0.435138
-0.437687
-0.440285
-0.442934
-0.445634
-0.448387
-0.451193
-0.454054
-0.456972
-0.459947
-0.46298
-0.466074
-0.46923
-0.472449
-0.475732
-0.479082
-0.482501
-0.485989
-0.489549
-0.493184
-0.496894
-0.500683
-0.504553
-0.508506
-0.512545
-0.516672
-0.52089
-0.525203
-0.529614
-0.534125
-0.538741
-0.543465
-0.548301
-0.553254
-0.558327
-0.563525
-0.568854
-0.574319
-0.579924
-0.585677
-0.591584
-0.59765
-0.603885
-0.610294
-0.616887
-0.623672
-0.630658
-0.637856
-0.645277
-0.652932
-0.660834
-0.668996
-0.677433
-0.68616
-0.695196
-0.704558
-0.714266
-0.724344
-0.734814
-0.745703
-0.75704
-0.768857
-0.781188
-0.794071
-0.80755
-0.821671
-0.836487
-0.852056
-0.868444
-0.885725
-0.90398
-0.923305
-0.943805
-0.965602
-0.988835
-1.01367
-1.04028
-1.06889
-1.09975
-1.13317
-1.16949
-1.20914
-1.25264
-1.30061
-1.35381
-1.41321
-1.48002
-1.55576
-1.64245
-1.74269
-1.86001
-1.9992
-2.16693
-2.37264
-2.62984
-2.95769
-3.3817
-3.9273
-4.58338
-5.19284
-5.38442
-4.9881
-4.32727
-3.7063
-3.20913
-2.825
-2.52668
-2.29095
-2.10098
-1.94502
-1.81479
-1.70443
-1.60969
-1.52742
-1.45527
-1.39143
-1.33451
-1.28339
-1.2372
-1.19523
-1.1569
-1.12172
-1.08932
-1.05934
-1.03152
-1.00561
-0.981411
-0.958744
-0.937459
-0.917424
-0.898522
-0.880653
-0.863726
-0.847663
-0.832394
-0.817855
-0.803991
-0.79075
-0.778089
-0.765965
-0.754343
-0.743188
-0.732469
-0.72216
-0.712235
-0.702669
-0.693443
-0.684536
-0.675931
-0.66761
-0.659559
-0.651764
-0.64421
-0.636886
-0.62978
-0.622883
-0.616184
-0.609673
-0.603344
-0.597186
-0.591193
-0.585358
-0.579675
-0.574136
-0.568737
-0.563472
-0.558335
-0.553322
-0.548428
-0.543649
-0.538981
-0.53442
-0.529962
-0.525604
-0.521342
-0.517174
-0.513096
-0.509106
-0.505201
-0.501378
-0.497635
-0.49397
-0.490381
-0.486865
-0.48342
-0.480045
-0.476738
-0.473497
-0.47032
-0.467206
-0.464153
-0.46116
-0.458226
-0.455349
-0.452527
-0.449761
-0.447047
-0.444387
-0.441777
-0.439218
-0.436708
-0.434246
-0.431832
-0.429464
-0.427142
-0.424865
-0.422632
-0.420443
-0.418296
-0.416191
-0.414127
-0.412104
-0.410121
-0.408178
-0.406273
-0.404407
-0.402578
-0.400787
-0.399032
-0.397314
-0.395632
-0.393985
-0.392373
-0.390795
-0.389252
-0.387742
-0.386266
-0.384823
-0.383413
-0.382035
-0.380689
-0.379374
-0.378092
-0.37684
-0.375619
-0.374429
-0.373269
-0.372139
-0.371039
-0.369969
-0.368928
-0.367916
-0.366934
-0.36598
-0.365054
-0.364157
-0.363289
-0.362448
-0.361635
-0.36085
-0.360093
-0.359363
-0.35866
-0.357985
-0.357336
-0.356715
-0.35612
-0.355552
-0.355011
-0.354496
-0.354008
-0.353546
-0.35311
-0.352701
-0.352317
-0.35196
-0.351628
-0.351323
-0.351043
-0.35079
-0.350561
-0.350359
-0.350183
-0.350032
-0.349907
-0.349807
-0.349733
-0.349685
-0.349662
-0.349665
-0.349693
-0.349747
-0.349827
-0.349932
-0.350063
-0.350219
-0.350401
-0.350609
-0.350843
-0.351102
-0.351387
-0.351698
-0.352036
-0.352399
-0.352788
-0.353203
-0.353644
-0.354112
-0.354606
-0.355127
-0.355674
-0.356248
-0.356848
-0.357475
-0.35813
-0.358811
-0.35952
-0.360256
-0.361019
-0.36181
-0.362629
-0.363476
-0.36435
-0.365254
-0.366185
-0.367145
-0.368134
-0.369153
-0.3702
-0.371277
-0.372383
-0.373519
-0.374686
-0.375883
-0.37711
-0.378369
-0.379658
-0.38098
-0.382333
-0.383718
-0.385135
-0.386586
-0.388069
-0.389586
-0.391137
-0.392722
-0.394341
-0.395996
-0.397686
-0.399412
-0.401175
-0.402974
-0.404811
-0.406685
-0.408598
-0.41055
-0.412542
-0.414574
-0.416646
-0.41876
-0.420917
-0.423116
-0.425358
-0.427645
-0.429977
-0.432355
-0.434779
-0.437251
-0.439772
-0.442342
-0.444963
-0.447635
-0.45036
-0.453138
-0.455972
-0.458861
-0.461808
-0.464814
-0.46788
-0.471008
-0.474198
-0.477454
-0.480776
-0.484166
-0.487626
-0.491157
-0.494763
-0.498445
-0.502205
-0.506045
-0.509969
-0.513978
-0.518075
-0.522264
-0.526546
-0.530926
-0.535406
-0.53999
-0.544682
-0.549486
-0.554405
-0.559445
-0.564609
-0.569903
-0.575332
-0.580902
-0.586618
-0.592487
-0.598515
-0.604709
-0.611078
-0.617629
-0.62437
-0.631312
-0.638464
-0.645838
-0.653443
-0.661293
-0.669402
-0.677783
-0.686453
-0.695428
-0.704726
-0.714368
-0.724375
-0.734772
-0.745583
-0.756837
-0.768566
-0.780804
-0.793588
-0.80696
-0.820967
-0.83566
-0.851097
-0.867342
-0.884467
-0.902554
-0.921694
-0.941992
-0.963566
-0.986553
-1.01111
-1.03742
-1.06569
-1.09617
-1.12915
-1.16497
-1.20406
-1.24689
-1.29409
-1.34639
-1.40473
-1.47024
-1.54443
-1.62919
-1.72704
-1.84133
-1.9766
-2.13918
-2.33797
-2.58572
-2.90055
-3.30704
-3.83177
-4.47454
-5.11207
-5.39631
-5.08213
-4.43757
-3.80035
-3.28293
-2.88238
-2.57191
-2.32733
-2.13085
-1.97
-1.83604
-1.72277
-1.62573
-1.54161
-1.46794
-1.40286
-1.34489
-1.29289
-1.24595
-1.20334
-1.16445
-1.1288
-1.09597
-1.06562
-1.03747
-1.01127
-0.986804
-0.963903
-0.942408
-0.922183
-0.903109
-0.885084
-0.868016
-0.851824
-0.836437
-0.82179
-0.807827
-0.794496
-0.781751
-0.769551
-0.757858
-0.746637
-0.735859
-0.725494
-0.715517
-0.705904
-0.696633
-0.687686
-0.679043
-0.670687
-0.662604
-0.654778
-0.647197
-0.639848
-0.632719
-0.6258
-0.619081
-0.612552
-0.606206
-0.600033
-0.594026
-0.588179
-0.582484
-0.576936
-0.571527
-0.566254
-0.56111
-0.556091
-0.551193
-0.54641
-0.541738
-0.537174
-0.532715
-0.528356
-0.524094
-0.519926
-0.515849
-0.511861
-0.507958
-0.504138
-0.500399
-0.496738
-0.493153
-0.489642
-0.486203
-0.482834
-0.479534
-0.476299
-0.47313
-0.470024
-0.46698
-0.463996
-0.461071
-0.458203
-0.455392
-0.452636
-0.449933
-0.447284
-0.444686
-0.442138
-0.439641
-0.437192
-0.434791
-0.432437
-0.430128
-0.427865
-0.425647
-0.423472
-0.42134
-0.419251
-0.417203
-0.415196
-0.413229
-0.411303
-0.409415
-0.407566
-0.405755
-0.403982
-0.402246
-0.400546
-0.398883
-0.397255
-0.395662
-0.394105
-0.392581
-0.391092
-0.389637
-0.388215
-0.386826
-0.385469
-0.384145
-0.382853
-0.381593
-0.380364
-0.379166
-0.377999
-0.376863
-0.375757
-0.374682
-0.373636
-0.37262
-0.371634
-0.370677
-0.369749
-0.368849
-0.367979
-0.367137
-0.366324
-0.365539
-0.364781
-0.364052
-0.363351
-0.362677
-0.362031
-0.361412
-0.36082
-0.360256
-0.359718
-0.359208
-0.358725
-0.358268
-0.357838
-0.357435
-0.357058
-0.356707
-0.356384
-0.356086
-0.355815
-0.35557
-0.355351
-0.355159
-0.354992
-0.354852
-0.354738
-0.35465
-0.354588
-0.354552
-0.354542
-0.354558
-0.3546
-0.354668
-0.354762
-0.354883
-0.355029
-0.355202
-0.355401
-0.355626
-0.355877
-0.356154
-0.356458
-0.356788
-0.357145
-0.357528
-0.357937
-0.358374
-0.358837
-0.359327
-0.359843
-0.360387
-0.360958
-0.361556
-0.362181
-0.362834
-0.363514
-0.364222
-0.364958
-0.365722
-0.366514
-0.367334
-0.368183
-0.36906
-0.369966
-0.370901
-0.371865
-0.372858
-0.373881
-0.374934
-0.376017
-0.377129
-0.378273
-0.379447
-0.380652
-0.381888
-0.383156
-0.384456
-0.385788
-0.387152
-0.388549
-0.389979
-0.391442
-0.392939
-0.39447
-0.396036
-0.397637
-0.399273
-0.400945
-0.402654
-0.404399
-0.406181
-0.408001
-0.409859
-0.411756
-0.413692
-0.415668
-0.417684
-0.419742
-0.421842
-0.423983
-0.426168
-0.428397
-0.430671
-0.43299
-0.435355
-0.437768
-0.440228
-0.442737
-0.445297
-0.447907
-0.450569
-0.453284
-0.456053
-0.458877
-0.461758
-0.464697
-0.467696
-0.470754
-0.473875
-0.47706
-0.480309
-0.483626
-0.487011
-0.490467
-0.493995
-0.497598
-0.501277
-0.505035
-0.508875
-0.512798
-0.516807
-0.520905
-0.525095
-0.529379
-0.533762
-0.538246
-0.542835
-0.547533
-0.552343
-0.55727
-0.562318
-0.567492
-0.572796
-0.578237
-0.58382
-0.58955
-0.595435
-0.60148
-0.607693
-0.614082
-0.620655
-0.627421
-0.634388
-0.641569
-0.648972
-0.65661
-0.664495
-0.672642
-0.681064
-0.689778
-0.6988
-0.708149
-0.717847
-0.727913
-0.738374
-0.749255
-0.760584
-0.772394
-0.78472
-0.7976
-0.811076
-0.825197
-0.840013
-0.855585
-0.871978
-0.889265
-0.90753
-0.926866
-0.947381
-0.969196
-0.992452
-1.01731
-1.04395
-1.0726
-1.10351
-1.13697
-1.17335
-1.21308
-1.25666
-1.30472
-1.35804
-1.41759
-1.48456
-1.56051
-1.64744
-1.748
-1.86571
-2.0054
-2.17379
-2.38037
-2.63871
-2.9681
-3.39408
-3.94174
-4.59832
-5.20264
-5.38259
-4.97832
-4.31727
-3.69893
-3.20433
-2.82213
-2.52517
-2.2904
-2.10114
-1.94568
-1.81584
-1.70578
-1.61127
-1.52919
-1.4572
-1.39349
-1.33667
-1.28564
-1.23953
-1.19763
-1.15936
-1.12424
-1.09188
-1.06195
-1.03417
-1.0083
-0.98414
-0.961507
-0.940255
-0.92025
-0.901379
-0.883538
-0.86664
-0.850604
-0.835361
-0.820849
-0.80701
-0.793796
-0.78116
-0.769062
-0.757464
-0.746334
-0.735641
-0.725357
-0.715456
-0.705916
-0.696715
-0.687833
-0.679253
-0.670958
-0.662933
-0.655163
-0.647635
-0.640338
-0.633259
-0.626388
-0.619716
-0.613233
-0.60693
-0.6008
-0.594835
-0.589029
-0.583374
-0.577864
-0.572494
-0.567258
-0.562151
-0.557168
-0.552304
-0.547556
-0.542919
-0.538389
-0.533962
-0.529636
-0.525406
-0.521271
-0.517226
-0.513269
-0.509397
-0.505608
-0.5019
-0.498269
-0.494715
-0.491234
-0.487825
-0.484486
-0.481215
-0.478011
-0.474871
-0.471795
-0.46878
-0.465825
-0.462929
-0.460091
-0.457309
-0.454582
-0.451909
-0.449288
-0.44672
-0.444202
-0.441733
-0.439314
-0.436942
-0.434617
-0.432339
-0.430105
-0.427916
-0.425771
-0.423669
-0.42161
-0.419592
-0.417615
-0.415679
-0.413783
-0.411926
-0.410107
-0.408327
-0.406585
-0.40488
-0.403211
-0.401579
-0.399983
-0.398422
-0.396896
-0.395405
-0.393948
-0.392525
-0.391136
-0.389779
-0.388456
-0.387165
-0.385906
-0.38468
-0.383485
-0.382321
-0.381188
-0.380087
-0.379016
-0.377975
-0.376965
-0.375984
-0.375033
-0.374112
-0.37322
-0.372358
-0.371524
-0.370719
-0.369943
-0.369195
-0.368476
-0.367785
-0.367122
-0.366487
-0.365879
-0.3653
-0.364748
-0.364223
-0.363726
-0.363257
-0.362814
-0.362399
-0.36201
-0.361649
-0.361315
-0.361007
-0.360726
-0.360472
-0.360245
-0.360044
-0.35987
-0.359723
-0.359602
-0.359507
-0.35944
-0.359398
-0.359383
-0.359395
-0.359433
-0.359498
-0.359589
-0.359707
-0.359851
-0.360022
-0.36022
-0.360444
-0.360695
-0.360973
-0.361277
-0.361608
-0.361967
-0.362352
-0.362764
-0.363203
-0.36367
-0.364164
-0.364685
-0.365233
-0.36581
-0.366414
-0.367046
-0.367705
-0.368393
-0.369109
-0.369853
-0.370626
-0.371428
-0.372258
-0.373117
-0.374006
-0.374923
-0.375871
-0.376848
-0.377855
-0.378892
-0.379959
-0.381057
-0.382186
-0.383346
-0.384537
-0.38576
-0.387015
-0.388302
-0.389622
-0.390975
-0.39236
-0.393779
-0.395232
-0.396719
-0.398241
-0.399798
-0.40139
-0.403018
-0.404682
-0.406382
-0.40812
-0.409896
-0.41171
-0.413562
-0.415454
-0.417386
-0.419358
-0.421371
-0.423425
-0.425522
-0.427662
-0.429846
-0.432074
-0.434347
-0.436666
-0.439032
-0.441446
-0.443909
-0.446421
-0.448984
-0.451598
-0.454265
-0.456985
-0.459761
-0.462593
-0.465482
-0.468429
-0.471437
-0.474506
-0.477638
-0.480835
-0.484098
-0.487429
-0.49083
-0.494302
-0.497848
-0.501469
-0.505168
-0.508947
-0.512809
-0.516756
-0.520791
-0.524915
-0.529134
-0.533449
-0.537863
-0.542381
-0.547005
-0.55174
-0.55659
-0.561559
-0.566651
-0.571872
-0.577226
-0.582719
-0.588356
-0.594145
-0.600091
-0.606201
-0.612482
-0.618944
-0.625594
-0.63244
-0.639494
-0.646766
-0.654266
-0.662007
-0.670001
-0.678264
-0.686809
-0.695654
-0.704817
-0.714316
-0.724173
-0.734411
-0.745055
-0.756132
-0.767673
-0.77971
-0.792281
-0.805425
-0.819188
-0.833619
-0.848772
-0.864711
-0.881504
-0.89923
-0.917975
-0.937841
-0.95894
-0.981403
-1.00538
-1.03104
-1.05858
-1.08825
-1.1203
-1.15507
-1.19295
-1.2344
-1.27998
-1.33039
-1.38647
-1.44931
-1.52025
-1.60103
-1.69393
-1.80197
-1.92922
-2.08129
-2.26606
-2.49472
-2.78331
-3.15409
-3.63421
-4.23925
-4.90591
-5.36232
-5.25448
-4.67977
-4.01733
-3.45508
-3.01604
-2.67675
-2.41116
-2.19926
-2.0269
-1.88419
-1.76414
-1.66175
-1.57334
-1.49619
-1.42824
-1.36788
-1.31387
-1.26522
-1.22115
-1.18099
-1.14424
-1.11045
-1.07926
-1.05037
-1.0235
-0.998453
-0.975025
-0.953056
-0.932403
-0.912943
-0.894568
-0.877181
-0.860699
-0.845046
-0.830157
-0.815971
-0.802436
-0.789503
-0.777129
-0.765276
-0.753908
-0.742994
-0.732502
-0.722409
-0.712688
-0.703317
-0.694277
-0.685547
-0.677112
-0.668955
-0.66106
-0.653415
-0.646007
-0.638824
-0.631854
-0.625089
-0.618517
-0.612131
-0.605922
-0.599883
-0.594005
-0.588282
-0.582709
-0.577278
-0.571984
-0.566823
-0.561788
-0.556875
-0.55208
-0.547398
-0.542826
-0.538359
-0.533995
-0.529729
-0.525559
-0.521481
-0.517494
-0.513593
-0.509776
-0.506041
-0.502386
-0.498808
-0.495305
-0.491875
-0.488516
-0.485227
-0.482005
-0.478849
-0.475757
-0.472728
-0.46976
-0.466851
-0.464001
-0.461209
-0.458472
-0.45579
-0.453161
-0.450585
-0.44806
-0.445586
-0.443161
-0.440785
-0.438456
-0.436175
-0.433939
-0.431748
-0.429602
-0.427499
-0.425439
-0.423422
-0.421446
-0.419512
-0.417617
-0.415763
-0.413948
-0.412171
-0.410433
-0.408733
-0.407069
-0.405443
-0.403853
-0.402299
-0.40078
-0.399296
-0.397847
-0.396433
-0.395052
-0.393705
-0.392392
-0.391111
-0.389863
-0.388647
-0.387464
-0.386312
-0.385191
-0.384103
-0.383045
-0.382017
-0.381021
-0.380055
-0.379119
-0.378213
-0.377336
-0.37649
-0.375672
-0.374884
-0.374125
-0.373395
-0.372693
-0.372021
-0.371376
-0.37076
-0.370173
-0.369613
-0.369081
-0.368578
-0.368102
-0.367654
-0.367233
-0.36684
-0.366474
-0.366136
-0.365825
-0.365542
-0.365286
-0.365056
-0.364854
-0.364679
-0.364532
-0.364411
-0.364317
-0.36425
-0.36421
-0.364198
-0.364212
-0.364253
-0.364321
-0.364416
-0.364538
-0.364687
-0.364863
-0.365067
-0.365297
-0.365555
-0.365839
-0.366152
-0.366491
-0.366858
-0.367252
-0.367674
-0.368124
-0.368601
-0.369106
-0.369639
-0.3702
-0.370789
-0.371406
-0.372052
-0.372726
-0.373429
-0.37416
-0.374921
-0.37571
-0.376529
-0.377377
-0.378255
-0.379162
-0.3801
-0.381067
-0.382065
-0.383094
-0.384153
-0.385244
-0.386365
-0.387519
-0.388704
-0.389921
-0.39117
-0.392453
-0.393768
-0.395117
-0.396499
-0.397915
-0.399365
-0.400851
-0.402371
-0.403927
-0.405519
-0.407147
-0.408812
-0.410514
-0.412254
-0.414032
-0.415849
-0.417706
-0.419602
-0.421538
-0.423516
-0.425535
-0.427597
-0.429702
-0.43185
-0.434043
-0.436281
-0.438565
-0.440896
-0.443274
-0.445701
-0.448178
-0.450705
-0.453284
-0.455915
-0.458599
-0.461339
-0.464134
-0.466987
-0.469898
-0.472869
-0.475901
-0.478996
-0.482155
-0.48538
-0.488673
-0.492035
-0.495468
-0.498975
-0.502556
-0.506215
-0.509954
-0.513774
-0.517679
-0.521671
-0.525753
-0.529928
-0.534198
-0.538567
-0.543038
-0.547616
-0.552303
-0.557103
-0.562022
-0.567063
-0.572231
-0.577531
-0.582968
-0.588548
-0.594278
-0.600163
-0.606211
-0.612428
-0.618823
-0.625403
-0.632178
-0.639157
-0.646351
-0.65377
-0.661426
-0.669333
-0.677503
-0.685952
-0.694695
-0.703751
-0.713137
-0.722875
-0.732987
-0.743498
-0.754433
-0.765823
-0.7777
-0.790099
-0.803059
-0.816624
-0.830842
-0.845766
-0.861456
-0.877979
-0.89541
-0.913834
-0.933348
-0.954059
-0.976094
-0.999595
-1.02473
-1.05168
-1.08068
-1.11198
-1.1459
-1.1828
-1.22313
-1.2674
-1.31629
-1.37057
-1.43126
-1.49961
-1.57723
-1.66623
-1.76937
-1.89036
-2.03429
-2.20826
-2.42233
-2.69089
-3.03426
-3.47868
-4.04687
-4.71132
-5.27306
-5.35227
-4.8778
-4.21099
-3.61199
-3.13779
-2.77152
-2.48619
-2.25987
-2.07683
-1.92604
-1.79978
-1.6925
-1.60021
-1.51991
-1.44937
-1.38687
-1.33106
-1.2809
-1.23552
-1.19425
-1.15652
-1.12188
-1.08995
-1.0604
-1.03295
-1.00738
-0.983483
-0.961096
-0.940065
-0.920264
-0.901579
-0.88391
-0.86717
-0.851282
-0.836176
-0.821792
-0.808074
-0.794972
-0.782443
-0.770445
-0.758943
-0.747904
-0.737297
-0.727096
-0.717274
-0.70781
-0.698683
-0.689872
-0.68136
-0.673131
-0.66517
-0.657462
-0.649995
-0.642757
-0.635736
-0.628922
-0.622305
-0.615876
-0.609627
-0.60355
-0.597637
-0.591881
-0.586277
-0.580817
-0.575496
-0.570309
-0.56525
-0.560315
-0.5555
-0.550799
-0.546209
-0.541726
-0.537346
-0.533066
-0.528883
-0.524794
-0.520796
-0.516885
-0.513059
-0.509317
-0.505655
-0.50207
-0.498562
-0.495128
-0.491765
-0.488473
-0.485249
-0.482091
-0.478999
-0.475969
-0.473002
-0.470094
-0.467246
-0.464456
-0.461722
-0.459043
-0.456418
-0.453847
-0.451327
-0.448859
-0.44644
-0.44407
-0.441748
-0.439474
-0.437246
-0.435064
-0.432926
-0.430833
-0.428783
-0.426776
-0.424811
-0.422887
-0.421004
-0.419162
-0.417359
-0.415595
-0.41387
-0.412183
-0.410533
-0.408921
-0.407346
-0.405806
-0.404303
-0.402835
-0.401402
-0.400004
-0.39864
-0.39731
-0.396014
-0.394751
-0.393521
-0.392324
-0.39116
-0.390027
-0.388926
-0.387858
-0.38682
-0.385814
-0.384838
-0.383893
-0.382979
-0.382095
-0.381242
-0.380418
-0.379624
-0.378859
-0.378124
-0.377418
-0.376742
-0.376094
-0.375475
-0.374885
-0.374323
-0.37379
-0.373286
-0.37281
-0.372361
-0.371941
-0.37155
-0.371185
-0.370849
-0.370541
-0.37026
-0.370008
-0.369782
-0.369585
-0.369415
-0.369272
-0.369157
-0.369069
-0.369009
-0.368977
-0.368972
-0.368994
-0.369044
-0.369121
-0.369226
-0.369358
-0.369517
-0.369705
-0.36992
-0.370162
-0.370432
-0.37073
-0.371056
-0.371409
-0.371791
-0.3722
-0.372638
-0.373103
-0.373597
-0.37412
-0.37467
-0.37525
-0.375858
-0.376494
-0.37716
-0.377855
-0.378579
-0.379332
-0.380115
-0.380928
-0.38177
-0.382643
-0.383546
-0.384479
-0.385443
-0.386438
-0.387463
-0.38852
-0.389609
-0.39073
-0.391882
-0.393067
-0.394284
-0.395535
-0.396818
-0.398136
-0.399487
-0.400872
-0.402292
-0.403746
-0.405236
-0.406762
-0.408324
-0.409922
-0.411558
-0.413231
-0.414941
-0.416691
-0.418479
-0.420306
-0.422174
-0.424082
-0.426032
-0.428023
-0.430057
-0.432134
-0.434254
-0.43642
-0.43863
-0.440887
-0.443191
-0.445542
-0.447942
-0.450392
-0.452893
-0.455445
-0.458049
-0.460707
-0.46342
-0.466189
-0.469016
-0.4719
-0.474845
-0.477851
-0.48092
-0.484053
-0.487252
-0.490518
-0.493854
-0.497261
-0.500741
-0.504297
-0.507929
-0.511641
-0.515435
-0.519314
-0.523279
-0.527334
-0.531481
-0.535724
-0.540066
-0.544509
-0.549059
-0.553717
-0.558489
-0.563379
-0.56839
-0.573529
-0.578799
-0.584205
-0.589755
-0.595453
-0.601306
-0.60732
-0.613504
-0.619864
-0.626409
-0.633148
-0.64009
-0.647245
-0.654625
-0.66224
-0.670104
-0.678231
-0.686634
-0.69533
-0.704337
-0.713672
-0.723356
-0.733412
-0.743863
-0.754736
-0.76606
-0.777867
-0.790192
-0.803073
-0.816554
-0.830682
-0.845509
-0.861095
-0.877505
-0.894815
-0.913107
-0.932476
-0.953029
-0.97489
-0.998198
-1.02312
-1.04983
-1.07856
-1.10957
-1.14315
-1.17966
-1.21954
-1.2633
-1.31157
-1.36515
-1.42499
-1.49232
-1.56871
-1.65619
-1.75742
-1.87598
-2.01677
-2.18659
-2.39506
-2.65596
-2.98878
-3.41919
-3.97161
-4.62961
-5.22285
-5.37733
-4.95547
-4.29354
-3.68064
-3.1915
-2.81346
-2.51948
-2.28684
-2.09913
-1.94482
-1.81585
-1.70646
-1.61249
-1.53084
-1.45919
-1.39577
-1.3392
-1.28838
-1.24245
-1.2007
-1.16257
-1.12757
-1.09532
-1.06549
-1.0378
-1.01201
-0.987926
-0.965365
-0.944179
-0.924237
-0.905425
-0.887641
-0.870797
-0.854814
-0.839622
-0.825159
-0.811368
-0.7982
-0.78561
-0.773557
-0.762005
-0.750918
-0.740269
-0.730028
-0.72017
-0.710673
-0.701514
-0.692675
-0.684138
-0.675885
-0.667903
-0.660175
-0.65269
-0.645436
-0.6384
-0.631573
-0.624944
-0.618504
-0.612246
-0.606161
-0.600241
-0.594479
-0.588869
-0.583405
-0.578081
-0.572892
-0.567831
-0.562896
-0.55808
-0.55338
-0.548791
-0.54431
-0.539933
-0.535656
-0.531477
-0.527392
-0.523399
-0.519493
-0.515674
-0.511938
-0.508282
-0.504706
-0.501205
-0.497779
-0.494426
-0.491143
-0.487928
-0.484781
-0.481698
-0.47868
-0.475724
-0.472828
-0.469992
-0.467214
-0.464493
-0.461827
-0.459216
-0.456658
-0.454153
-0.451698
-0.449294
-0.44694
-0.444634
-0.442375
-0.440163
-0.437998
-0.435877
-0.433801
-0.431768
-0.429779
-0.427832
-0.425926
-0.424062
-0.422239
-0.420455
-0.418711
-0.417006
-0.415339
-0.41371
-0.412118
-0.410564
-0.409046
-0.407564
-0.406118
-0.404708
-0.403332
-0.401991
-0.400685
-0.399412
-0.398173
-0.396968
-0.395795
-0.394655
-0.393548
-0.392473
-0.39143
-0.390418
-0.389438
-0.38849
-0.387572
-0.386685
-0.385829
-0.385003
-0.384208
-0.383443
-0.382707
-0.382002
-0.381326
-0.380679
-0.380062
-0.379474
-0.378915
-0.378385
-0.377884
-0.377412
-0.376969
-0.376554
-0.376167
-0.375809
-0.37548
-0.375178
-0.374905
-0.37466
-0.374443
-0.374254
-0.374094
-0.373961
-0.373856
-0.373779
-0.37373
-0.373709
-0.373716
-0.373751
-0.373814
-0.373905
-0.374024
-0.374171
-0.374346
-0.374548
-0.374779
-0.375039
-0.375326
-0.375641
-0.375985
-0.376358
-0.376758
-0.377188
-0.377646
-0.378132
-0.378648
-0.379192
-0.379765
-0.380368
-0.381
-0.381661
-0.382352
-0.383072
-0.383823
-0.384603
-0.385414
-0.386255
-0.387126
-0.388028
-0.388962
-0.389926
-0.390922
-0.391949
-0.393008
-0.3941
-0.395223
-0.396379
-0.397568
-0.398791
-0.400047
-0.401336
-0.40266
-0.404018
-0.405411
-0.40684
-0.408303
-0.409803
-0.411339
-0.412912
-0.414522
-0.41617
-0.417856
-0.419581
-0.421345
-0.423149
-0.424993
-0.426877
-0.428803
-0.430772
-0.432783
-0.434837
-0.436936
-0.439079
-0.441268
-0.443503
-0.445785
-0.448115
-0.450495
-0.452924
-0.455403
-0.457935
-0.460519
-0.463158
-0.465851
-0.468601
-0.471408
-0.474273
-0.477199
-0.480187
-0.483237
-0.486352
-0.489533
-0.492781
-0.4961
-0.499489
-0.502952
-0.506491
-0.510107
-0.513802
-0.51758
-0.521442
-0.525391
-0.52943
-0.533562
-0.53779
-0.542116
-0.546545
-0.55108
-0.555724
-0.560482
-0.565357
-0.570355
-0.575479
-0.580736
-0.586129
-0.591666
-0.597351
-0.603191
-0.609193
-0.615364
-0.621713
-0.628246
-0.634973
-0.641904
-0.649048
-0.656417
-0.664022
-0.671875
-0.679992
-0.688385
-0.697072
-0.706069
-0.715395
-0.72507
-0.735117
-0.74556
-0.756425
-0.767741
-0.779541
-0.791858
-0.804733
-0.818207
-0.832329
-0.84715
-0.862731
-0.879137
-0.896442
-0.91473
-0.934096
-0.954646
-0.976505
-0.999812
-1.02473
-1.05145
-1.08018
-1.11118
-1.14477
-1.18128
-1.22117
-1.26493
-1.31322
-1.36681
-1.42666
-1.49402
-1.57043
-1.65793
-1.7592
-1.8778
-2.01864
-2.18852
-2.39707
-2.65806
-2.99098
-3.42147
-3.97387
-4.63155
-5.22393
-5.37743
-4.95546
-4.29398
-3.6815
-3.19263
-2.81474
-2.52085
-2.28827
-2.10058
-1.9463
-1.81734
-1.70796
-1.61399
-1.53234
-1.4607
-1.39728
-1.34071
-1.2899
-1.24397
-1.20222
-1.16409
-1.1291
-1.09686
-1.06703
-1.03935
-1.01356
-0.989479
-0.966924
-0.945744
-0.925808
-0.907003
-0.889226
-0.872389
-0.856413
-0.841228
-0.826773
-0.81299
-0.799831
-0.787249
-0.775205
-0.763661
-0.752584
-0.741944
-0.731712
-0.721864
-0.712377
-0.703229
-0.6944
-0.685873
-0.677632
-0.66966
-0.661944
-0.65447
-0.647227
-0.640203
-0.633388
-0.626772
-0.620345
-0.614099
-0.608026
-0.602119
-0.596371
-0.590775
-0.585324
-0.580014
-0.574839
-0.569792
-0.564871
-0.56007
-0.555384
-0.550811
-0.546345
-0.541983
-0.537722
-0.533559
-0.52949
-0.525512
-0.521624
-0.517821
-0.514101
-0.510463
-0.506903
-0.503421
-0.500012
-0.496676
-0.493411
-0.490215
-0.487086
-0.484022
-0.481022
-0.478085
-0.475209
-0.472392
-0.469634
-0.466932
-0.464287
-0.461696
-0.459159
-0.456674
-0.454241
-0.451858
-0.449525
-0.44724
-0.445003
-0.442814
-0.44067
-0.438572
-0.436518
-0.434509
-0.432543
-0.430619
-0.428737
-0.426897
-0.425098
-0.423339
-0.421619
-0.419939
-0.418297
-0.416693
-0.415128
-0.413599
-0.412107
-0.410652
-0.409233
-0.407849
-0.406501
-0.405188
-0.403909
-0.402664
-0.401454
-0.400277
-0.399133
-0.398022
-0.396944
-0.395899
-0.394886
-0.393905
-0.392956
-0.392038
-0.391151
-0.390296
-0.389472
-0.388679
-0.387916
-0.387183
-0.386481
-0.385809
-0.385167
-0.384555
-0.383972
-0.383419
-0.382896
-0.382402
-0.381937
-0.381501
-0.381094
-0.380717
-0.380368
-0.380048
-0.379756
-0.379494
-0.37926
-0.379055
-0.378878
-0.37873
-0.37861
-0.378519
-0.378456
-0.378421
-0.378415
-0.378438
-0.378489
-0.378568
-0.378676
-0.378812
-0.378977
-0.37917
-0.379392
-0.379642
-0.379921
-0.380229
-0.380566
-0.380931
-0.381326
-0.381749
-0.382202
-0.382684
-0.383195
-0.383735
-0.384305
-0.384905
-0.385535
-0.386194
-0.386883
-0.387603
-0.388353
-0.389134
-0.389945
-0.390787
-0.39166
-0.392565
-0.3935
-0.394468
-0.395468
-0.396499
-0.397564
-0.39866
-0.39979
-0.400953
-0.402149
-0.40338
-0.404644
-0.405943
-0.407276
-0.408645
-0.410049
-0.411489
-0.412965
-0.414478
-0.416028
-0.417616
-0.419241
-0.420905
-0.422608
-0.424351
-0.426133
-0.427956
-0.42982
-0.431726
-0.433674
-0.435665
-0.4377
-0.439779
-0.441904
-0.444074
-0.446291
-0.448555
-0.450868
-0.453229
-0.455641
-0.458104
-0.460619
-0.463187
-0.465809
-0.468487
-0.471221
-0.474013
-0.476864
-0.479776
-0.482749
-0.485785
-0.488887
-0.492054
-0.49529
-0.498596
-0.501974
-0.505425
-0.508952
-0.512557
-0.516242
-0.520009
-0.523861
-0.527801
-0.531831
-0.535954
-0.540174
-0.544492
-0.548914
-0.553441
-0.558079
-0.562831
-0.567701
-0.572694
-0.577815
-0.583067
-0.588458
-0.593992
-0.599675
-0.605515
-0.611516
-0.617688
-0.624038
-0.630573
-0.637303
-0.644238
-0.651387
-0.658762
-0.666374
-0.674237
-0.682363
-0.690767
-0.699466
-0.708477
-0.717819
-0.727512
-0.737579
-0.748044
-0.758933
-0.770276
-0.782105
-0.794455
-0.807365
-0.820879
-0.835044
-0.849914
-0.865548
-0.882013
-0.899383
-0.917743
-0.937189
-0.957829
-0.979787
-1.00321
-1.02825
-1.05511
-1.084
-1.11518
-1.14897
-1.18573
-1.22588
-1.26997
-1.31863
-1.37265
-1.43303
-1.50101
-1.57819
-1.66664
-1.76908
-1.88918
-2.03195
-2.20437
-2.41634
-2.68198
-3.02126
-3.46012
-4.02183
-4.68303
-5.25604
-5.36378
-4.90987
-4.24572
-3.64203
-3.16244
-2.79181
-2.50322
-2.27449
-2.08964
-1.93748
-1.81015
-1.70204
-1.60908
-1.52825
-1.45727
-1.3944
-1.33829
-1.28787
-1.24227
-1.20082
-1.16294
-1.12817
-1.09611
-1.06646
-1.03893
-1.01328
-0.98932
-0.966877
-0.945799
-0.925956
-0.907236
-0.889538
-0.872775
-0.856867
-0.841746
-0.827349
-0.813622
-0.800515
-0.787983
-0.775986
-0.764486
-0.753452
-0.742852
-0.732659
-0.722849
-0.713397
-0.704283
-0.695488
-0.686994
-0.678784
-0.670842
-0.663156
-0.655711
-0.648497
-0.6415
-0.634712
-0.628122
-0.621721
-0.615501
-0.609454
-0.603572
-0.597849
-0.592277
-0.586851
-0.581565
-0.576413
-0.57139
-0.566493
-0.561715
-0.557053
-0.552502
-0.548059
-0.543721
-0.539483
-0.535342
-0.531296
-0.527342
-0.523476
-0.519696
-0.515999
-0.512384
-0.508848
-0.505388
-0.502002
-0.49869
-0.495448
-0.492275
-0.489169
-0.486129
-0.483153
-0.480239
-0.477387
-0.474594
-0.47186
-0.469183
-0.466561
-0.463995
-0.461482
-0.459022
-0.456614
-0.454256
-0.451948
-0.449689
-0.447478
-0.445314
-0.443196
-0.441124
-0.439097
-0.437114
-0.435174
-0.433277
-0.431423
-0.42961
-0.427837
-0.426106
-0.424414
-0.422762
-0.421148
-0.419573
-0.418036
-0.416537
-0.415074
-0.413648
-0.412259
-0.410905
-0.409587
-0.408304
-0.407055
-0.405842
-0.404662
-0.403517
-0.402405
-0.401326
-0.40028
-0.399267
-0.398287
-0.397339
-0.396423
-0.395539
-0.394687
-0.393866
-0.393076
-0.392318
-0.39159
-0.390893
-0.390227
-0.389591
-0.388986
-0.388411
-0.387865
-0.38735
-0.386865
-0.386409
-0.385983
-0.385586
-0.385219
-0.384881
-0.384573
-0.384294
-0.384044
-0.383823
-0.383631
-0.383468
-0.383334
-0.383229
-0.383153
-0.383106
-0.383088
-0.383099
-0.383139
-0.383208
-0.383306
-0.383432
-0.383588
-0.383773
-0.383986
-0.384229
-0.384501
-0.384802
-0.385133
-0.385493
-0.385882
-0.386301
-0.386749
-0.387227
-0.387735
-0.388273
-0.388841
-0.389439
-0.390067
-0.390726
-0.391415
-0.392135
-0.392886
-0.393668
-0.394481
-0.395325
-0.396202
-0.39711
-0.39805
-0.399022
-0.400027
-0.401064
-0.402135
-0.403238
-0.404376
-0.405547
-0.406752
-0.407992
-0.409266
-0.410575
-0.41192
-0.413301
-0.414718
-0.416171
-0.417662
-0.419189
-0.420755
-0.422359
-0.424002
-0.425684
-0.427405
-0.429167
-0.43097
-0.432815
-0.434701
-0.43663
-0.438602
-0.440618
-0.442679
-0.444786
-0.446938
-0.449138
-0.451385
-0.453681
-0.456026
-0.458422
-0.460869
-0.463368
-0.465921
-0.468529
-0.471192
-0.473912
-0.47669
-0.479528
-0.482426
-0.485387
-0.488411
-0.4915
-0.494657
-0.497881
-0.501176
-0.504543
-0.507985
-0.511502
-0.515098
-0.518774
-0.522533
-0.526377
-0.53031
-0.534333
-0.53845
-0.542663
-0.546976
-0.551393
-0.555917
-0.560551
-0.5653
-0.570167
-0.575159
-0.580278
-0.58553
-0.590921
-0.596456
-0.602142
-0.607984
-0.61399
-0.620166
-0.626521
-0.633064
-0.639802
-0.646746
-0.653906
-0.661292
-0.668918
-0.676794
-0.684937
-0.69336
-0.702079
-0.711112
-0.720478
-0.730198
-0.740294
-0.75079
-0.761715
-0.773096
-0.784967
-0.797363
-0.810324
-0.823893
-0.838119
-0.853055
-0.868762
-0.885308
-0.902767
-0.921225
-0.94078
-0.96154
-0.983633
-1.0072
-1.03241
-1.05946
-1.08857
-1.12
-1.15406
-1.19113
-1.23166
-1.27617
-1.32533
-1.37994
-1.44102
-1.50985
-1.58805
-1.67777
-1.7818
-1.90392
-2.0493
-2.22518
-2.44178
-2.71375
-3.06167
-3.51187
-4.08581
-4.75023
-5.29406
-5.34034
-4.84766
-4.18213
-3.59037
-3.12285
-2.76157
-2.47981
-2.25605
-2.07487
-1.92547
-1.80026
-1.6938
-1.60216
-1.52238
-1.45228
-1.39013
-1.33462
-1.28471
-1.23955
-1.19848
-1.16092
-1.12644
-1.09464
-1.06521
-1.03787
-1.01241
-0.988609
-0.966311
-0.945366
-0.925645
-0.907036
-0.889441
-0.872771
-0.856951
-0.841911
-0.827591
-0.813935
-0.800895
-0.788426
-0.776487
-0.765044
-0.754063
-0.743514
-0.733369
-0.723605
-0.714197
-0.705126
-0.696372
-0.687917
-0.679745
-0.67184
-0.664189
-0.65678
-0.649599
-0.642635
-0.635879
-0.629321
-0.622951
-0.616761
-0.610743
-0.60489
-0.599195
-0.593652
-0.588253
-0.582995
-0.57787
-0.572874
-0.568003
-0.563252
-0.558616
-0.554091
-0.549674
-0.545361
-0.541149
-0.537034
-0.533013
-0.529084
-0.525243
-0.521488
-0.517817
-0.514227
-0.510715
-0.50728
-0.50392
-0.500633
-0.497416
-0.494268
-0.491188
-0.488173
-0.485222
-0.482334
-0.479507
-0.47674
-0.474031
-0.471379
-0.468784
-0.466244
-0.463757
-0.461323
-0.458941
-0.45661
-0.454329
-0.452096
-0.449912
-0.447775
-0.445685
-0.44364
-0.44164
-0.439685
-0.437773
-0.435904
-0.434078
-0.432293
-0.43055
-0.428847
-0.427184
-0.425561
-0.423977
-0.422432
-0.420925
-0.419455
-0.418023
-0.416628
-0.415269
-0.413947
-0.41266
-0.411408
-0.410192
-0.40901
-0.407863
-0.40675
-0.405671
-0.404625
-0.403613
-0.402634
-0.401688
-0.400774
-0.399893
-0.399044
-0.398227
-0.397441
-0.396688
-0.395965
-0.395274
-0.394614
-0.393985
-0.393387
-0.392819
-0.392282
-0.391776
-0.3913
-0.390853
-0.390437
-0.390052
-0.389695
-0.389369
-0.389073
-0.388806
-0.388569
-0.388362
-0.388184
-0.388036
-0.387917
-0.387827
-0.387767
-0.387737
-0.387736
-0.387764
-0.387822
-0.387909
-0.388026
-0.388172
-0.388348
-0.388553
-0.388788
-0.389053
-0.389347
-0.389671
-0.390025
-0.390409
-0.390823
-0.391267
-0.391741
-0.392245
-0.39278
-0.393345
-0.393941
-0.394568
-0.395226
-0.395915
-0.396635
-0.397386
-0.398169
-0.398984
-0.399831
-0.40071
-0.401621
-0.402565
-0.403542
-0.404552
-0.405595
-0.406672
-0.407782
-0.408927
-0.410106
-0.41132
-0.412569
-0.413853
-0.415173
-0.416529
-0.417922
-0.419352
-0.420818
-0.422323
-0.423865
-0.425447
-0.427067
-0.428727
-0.430427
-0.432167
-0.433949
-0.435772
-0.437638
-0.439546
-0.441499
-0.443495
-0.445537
-0.447624
-0.449757
-0.451938
-0.454167
-0.456445
-0.458773
-0.461151
-0.463581
-0.466064
-0.4686
-0.471192
-0.473839
-0.476544
-0.479307
-0.482129
-0.485013
-0.487959
-0.49097
-0.494045
-0.497188
-0.5004
-0.503683
-0.507038
-0.510467
-0.513973
-0.517557
-0.521223
-0.524971
-0.528806
-0.532729
-0.536743
-0.540851
-0.545056
-0.549362
-0.553771
-0.558288
-0.562916
-0.567659
-0.572522
-0.577508
-0.582623
-0.587872
-0.593261
-0.598794
-0.604477
-0.610319
-0.616324
-0.622502
-0.628859
-0.635403
-0.642145
-0.649093
-0.656258
-0.663651
-0.671284
-0.67917
-0.687323
-0.695757
-0.704489
-0.713537
-0.72292
-0.732658
-0.742774
-0.753294
-0.764243
-0.775652
-0.787554
-0.799984
-0.812982
-0.826592
-0.840863
-0.855849
-0.871612
-0.888218
-0.905744
-0.924278
-0.943916
-0.964769
-0.986965
-1.01065
-1.03599
-1.06318
-1.09246
-1.12408
-1.15836
-1.19568
-1.23648
-1.28133
-1.33088
-1.38595
-1.44758
-1.51707
-1.59608
-1.68679
-1.79207
-1.91578
-2.06322
-2.24182
-2.46209
-2.73906
-3.0938
-3.55283
-4.13596
-4.80135
-5.31974
-5.31853
-4.79912
-4.13425
-3.55194
-3.09356
-2.73927
-2.46261
-2.24256
-2.06412
-1.91678
-1.79316
-1.68795
-1.59729
-1.51831
-1.44886
-1.38726
-1.33221
-1.28268
-1.23786
-1.19706
-1.15976
-1.12549
-1.09389
-1.06463
-1.03745
-1.01212
-0.988442
-0.966256
-0.945413
-0.925786
-0.907263
-0.889747
-0.873151
-0.857399
-0.842423
-0.828162
-0.814563
-0.801575
-0.789156
-0.777265
-0.765867
-0.754928
-0.74442
-0.734315
-0.724588
-0.715217
-0.70618
-0.69746
-0.689037
-0.680897
-0.673023
-0.665403
-0.658022
-0.65087
-0.643935
-0.637206
-0.630674
-0.624331
-0.618167
-0.612175
-0.606348
-0.600678
-0.595159
-0.589786
-0.584551
-0.579451
-0.574479
-0.569632
-0.564904
-0.560292
-0.555791
-0.551397
-0.547108
-0.542919
-0.538827
-0.53483
-0.530924
-0.527106
-0.523375
-0.519727
-0.51616
-0.512672
-0.509261
-0.505924
-0.50266
-0.499467
-0.496343
-0.493286
-0.490295
-0.487369
-0.484504
-0.481702
-0.478959
-0.476275
-0.473648
-0.471077
-0.468562
-0.4661
-0.463692
-0.461335
-0.459029
-0.456774
-0.454567
-0.452409
-0.450298
-0.448234
-0.446216
-0.444243
-0.442315
-0.44043
-0.438589
-0.43679
-0.435033
-0.433318
-0.431643
-0.430009
-0.428414
-0.426859
-0.425343
-0.423865
-0.422425
-0.421023
-0.419658
-0.41833
-0.417038
-0.415782
-0.414561
-0.413376
-0.412226
-0.411111
-0.41003
-0.408984
-0.407971
-0.406992
-0.406046
-0.405134
-0.404254
-0.403407
-0.402593
-0.401811
-0.401061
-0.400342
-0.399656
-0.399001
-0.398378
-0.397786
-0.397225
-0.396695
-0.396197
-0.395729
-0.395291
-0.394884
-0.394508
-0.394162
-0.393847
-0.393562
-0.393307
-0.393082
-0.392887
-0.392722
-0.392588
-0.392483
-0.392408
-0.392363
-0.392349
-0.392364
-0.392409
-0.392484
-0.392589
-0.392724
-0.392889
-0.393084
-0.393309
-0.393565
-0.39385
-0.394166
-0.394512
-0.394889
-0.395296
-0.395734
-0.396202
-0.396702
-0.397232
-0.397793
-0.398385
-0.399009
-0.399664
-0.400351
-0.401069
-0.40182
-0.402602
-0.403417
-0.404264
-0.405144
-0.406057
-0.407003
-0.407983
-0.408996
-0.410043
-0.411124
-0.41224
-0.41339
-0.414576
-0.415796
-0.417053
-0.418345
-0.419674
-0.42104
-0.422442
-0.423883
-0.425361
-0.426878
-0.428433
-0.430028
-0.431663
-0.433338
-0.435054
-0.436811
-0.43861
-0.440452
-0.442337
-0.444266
-0.44624
-0.448258
-0.450323
-0.452434
-0.454593
-0.4568
-0.459056
-0.461363
-0.46372
-0.466129
-0.468591
-0.471108
-0.473679
-0.476306
-0.478991
-0.481735
-0.484538
-0.487403
-0.49033
-0.493322
-0.49638
-0.499504
-0.502698
-0.505963
-0.509301
-0.512713
-0.516202
-0.51977
-0.523419
-0.527151
-0.530969
-0.534877
-0.538875
-0.542968
-0.547158
-0.551449
-0.555843
-0.560346
-0.56496
-0.569689
-0.574538
-0.579511
-0.584612
-0.589848
-0.595224
-0.600744
-0.606416
-0.612245
-0.618239
-0.624405
-0.630751
-0.637284
-0.644015
-0.650953
-0.658108
-0.665492
-0.673115
-0.680992
-0.689136
-0.697561
-0.706286
-0.715326
-0.724701
-0.734432
-0.744542
-0.755055
-0.765999
-0.777403
-0.7893
-0.801726
-0.81472
-0.828327
-0.842596
-0.857581
-0.873342
-0.889949
-0.907476
-0.926012
-0.945653
-0.966511
-0.988713
-1.01241
-1.03776
-1.06496
-1.09425
-1.12588
-1.16018
-1.19753
-1.23836
-1.28324
-1.33283
-1.38795
-1.44963
-1.51919
-1.59829
-1.6891
-1.79451
-1.91838
-2.06603
-2.2449
-2.46552
-2.74297
-3.09832
-3.55811
-4.14186
-4.80685
-5.32229
-5.31671
-4.79545
-4.13113
-3.5499
-3.09243
-2.7388
-2.46259
-2.24286
-2.06465
-1.91749
-1.79399
-1.68888
-1.5983
-1.5194
-1.44999
-1.38844
-1.33342
-1.28393
-1.23913
-1.19836
-1.16108
-1.12684
-1.09525
-1.06601
-1.03884
-1.01353
-0.989867
-0.967696
-0.946866
-0.927252
-0.908742
-0.891238
-0.874655
-0.858915
-0.843951
-0.829703
-0.816115
-0.803139
-0.790732
-0.778853
-0.767466
-0.75654
-0.746044
-0.735951
-0.726236
-0.716877
-0.707853
-0.699145
-0.690736
-0.682608
-0.674747
-0.667139
-0.659772
-0.652633
-0.645711
-0.638996
-0.632478
-0.626149
-0.619999
-0.614021
-0.608208
-0.602553
-0.597049
-0.59169
-0.586471
-0.581385
-0.576429
-0.571597
-0.566885
-0.562289
-0.557804
-0.553427
-0.549154
-0.544981
-0.540906
-0.536926
-0.533037
-0.529237
-0.525523
-0.521893
-0.518344
-0.514874
-0.511481
-0.508163
-0.504918
-0.501744
-0.498639
-0.495602
-0.49263
-0.489723
-0.486879
-0.484097
-0.481375
-0.478711
-0.476105
-0.473556
-0.471061
-0.468622
-0.466235
-0.4639
-0.461617
-0.459383
-0.457199
-0.455064
-0.452977
-0.450936
-0.448941
-0.446992
-0.445088
-0.443228
-0.441411
-0.439637
-0.437906
-0.436216
-0.434567
-0.432958
-0.43139
-0.429862
-0.428372
-0.426921
-0.425509
-0.424134
-0.422797
-0.421496
-0.420233
-0.419005
-0.417814
-0.416658
-0.415538
-0.414453
-0.413402
-0.412386
-0.411404
-0.410456
-0.409542
-0.408662
-0.407814
-0.407
-0.406218
-0.405469
-0.404753
-0.404068
-0.403416
-0.402796
-0.402208
-0.401651
-0.401126
-0.400633
-0.40017
-0.399739
-0.399339
-0.39897
-0.398632
-0.398325
-0.398049
-0.397803
-0.397588
-0.397404
-0.39725
-0.397127
-0.397034
-0.396971
-0.39694
-0.396938
-0.396967
-0.397027
-0.397117
-0.397238
-0.397389
-0.39757
-0.397783
-0.398026
-0.398299
-0.398604
-0.398939
-0.399305
-0.399702
-0.400131
-0.40059
-0.401081
-0.401603
-0.402157
-0.402742
-0.403359
-0.404009
-0.40469
-0.405403
-0.40615
-0.406928
-0.40774
-0.408584
-0.409462
-0.410373
-0.411318
-0.412297
-0.41331
-0.414357
-0.415439
-0.416556
-0.417709
-0.418897
-0.420121
-0.421381
-0.422678
-0.424012
-0.425384
-0.426793
-0.42824
-0.429726
-0.431251
-0.432816
-0.434421
-0.436066
-0.437752
-0.43948
-0.44125
-0.443063
-0.444919
-0.44682
-0.448765
-0.450755
-0.452792
-0.454875
-0.457006
-0.459185
-0.461414
-0.463693
-0.466023
-0.468405
-0.47084
-0.47333
-0.475874
-0.478475
-0.481133
-0.48385
-0.486627
-0.489466
-0.492367
-0.495333
-0.498364
-0.501463
-0.50463
-0.507869
-0.511181
-0.514567
-0.51803
-0.521571
-0.525194
-0.5289
-0.532693
-0.536573
-0.540545
-0.544612
-0.548775
-0.553039
-0.557407
-0.561882
-0.566468
-0.57117
-0.575991
-0.580936
-0.586009
-0.591216
-0.596562
-0.602053
-0.607694
-0.613493
-0.619456
-0.62559
-0.631903
-0.638403
-0.6451
-0.652003
-0.659122
-0.666469
-0.674054
-0.681892
-0.689995
-0.698379
-0.70706
-0.716054
-0.725382
-0.735064
-0.745122
-0.755581
-0.766468
-0.777812
-0.789645
-0.802004
-0.814927
-0.828458
-0.842645
-0.857542
-0.87321
-0.889714
-0.907132
-0.925548
-0.945059
-0.965775
-0.98782
-1.01134
-1.0365
-1.06349
-1.09253
-1.1239
-1.15789
-1.19489
-1.23532
-1.27973
-1.32877
-1.38325
-1.44417
-1.51281
-1.59079
-1.68021
-1.78388
-1.90554
-2.05031
-2.22537
-2.44084
-2.71122
-3.05688
-3.50394
-4.07414
-4.7365
-5.28631
-5.34797
-4.86637
-4.20253
-3.60851
-3.13827
-2.77472
-2.49124
-2.26618
-2.08402
-1.93387
-1.80807
-1.70116
-1.60914
-1.52907
-1.45872
-1.39637
-1.3407
-1.29064
-1.24537
-1.20419
-1.16655
-1.13199
-1.10013
-1.07065
-1.04328
-1.01777
-0.993947
-0.971626
-0.950662
-0.930926
-0.912306
-0.894704
-0.87803
-0.862209
-0.84717
-0.832854
-0.819204
-0.806172
-0.793713
-0.781787
-0.770357
-0.759391
-0.748859
-0.738733
-0.728988
-0.719601
-0.710552
-0.701821
-0.69339
-0.685244
-0.677366
-0.669743
-0.662361
-0.65521
-0.648277
-0.641552
-0.635025
-0.628689
-0.622533
-0.61655
-0.610732
-0.605074
-0.599567
-0.594207
-0.588987
-0.583901
-0.578946
-0.574116
-0.569406
-0.564812
-0.560331
-0.555957
-0.551689
-0.547522
-0.543453
-0.539479
-0.535597
-0.531804
-0.528098
-0.524476
-0.520936
-0.517475
-0.514092
-0.510784
-0.507549
-0.504386
-0.501293
-0.498267
-0.495308
-0.492414
-0.489583
-0.486813
-0.484105
-0.481455
-0.478864
-0.476329
-0.47385
-0.471425
-0.469054
-0.466736
-0.464469
-0.462253
-0.460086
-0.457968
-0.455898
-0.453876
-0.4519
-0.44997
-0.448085
-0.446244
-0.444447
-0.442693
-0.440982
-0.439313
-0.437685
-0.436098
-0.434552
-0.433045
-0.431578
-0.43015
-0.428761
-0.42741
-0.426096
-0.42482
-0.423581
-0.422378
-0.421212
-0.420082
-0.418987
-0.417928
-0.416904
-0.415915
-0.414961
-0.41404
-0.413154
-0.412302
-0.411483
-0.410697
-0.409945
-0.409226
-0.40854
-0.407886
-0.407265
-0.406677
-0.40612
-0.405596
-0.405103
-0.404643
-0.404214
-0.403817
-0.403451
-0.403117
-0.402814
-0.402542
-0.402302
-0.402093
-0.401915
-0.401768
-0.401652
-0.401568
-0.401514
-0.401491
-0.401499
-0.401538
-0.401609
-0.40171
-0.401842
-0.402006
-0.4022
-0.402426
-0.402683
-0.402971
-0.40329
-0.403641
-0.404024
-0.404438
-0.404883
-0.405361
-0.40587
-0.406411
-0.406985
-0.407591
-0.408229
-0.4089
-0.409604
-0.41034
-0.41111
-0.411913
-0.41275
-0.41362
-0.414524
-0.415463
-0.416436
-0.417443
-0.418486
-0.419564
-0.420677
-0.421826
-0.423012
-0.424234
-0.425492
-0.426788
-0.428122
-0.429493
-0.430903
-0.432352
-0.43384
-0.435368
-0.436935
-0.438544
-0.440194
-0.441885
-0.443619
-0.445395
-0.447215
-0.449079
-0.450988
-0.452943
-0.454943
-0.456991
-0.459086
-0.46123
-0.463423
-0.465666
-0.46796
-0.470306
-0.472705
-0.475159
-0.477667
-0.480232
-0.482854
-0.485535
-0.488275
-0.491077
-0.493942
-0.49687
-0.499864
-0.502926
-0.506056
-0.509257
-0.51253
-0.515878
-0.519302
-0.522805
-0.526388
-0.530054
-0.533806
-0.537645
-0.541576
-0.5456
-0.549721
-0.553941
-0.558265
-0.562695
-0.567236
-0.57189
-0.576664
-0.58156
-0.586583
-0.59174
-0.597033
-0.602471
-0.608057
-0.613799
-0.619704
-0.625777
-0.632028
-0.638465
-0.645095
-0.651929
-0.658977
-0.666249
-0.673757
-0.681514
-0.689533
-0.697828
-0.706416
-0.715314
-0.724539
-0.734113
-0.744058
-0.754396
-0.765155
-0.776363
-0.788052
-0.800256
-0.813014
-0.826368
-0.840365
-0.855057
-0.870503
-0.886767
-0.903924
-0.922055
-0.941254
-0.961626
-0.983293
-1.00639
-1.03109
-1.05756
-1.08602
-1.11673
-1.14997
-1.18611
-1.22557
-1.26884
-1.31656
-1.36948
-1.42855
-1.49496
-1.57022
-1.65632
-1.75581
-1.87217
-2.01009
-2.1761
-2.37941
-2.63318
-2.95605
-3.37285
-3.90881
-4.55603
-5.17054
-5.39429
-5.03222
-4.38266
-3.75894
-3.25572
-2.86599
-2.56322
-2.32408
-2.13152
-1.97354
-1.84174
-1.73014
-1.6344
-1.55133
-1.47853
-1.41415
-1.35677
-1.30528
-1.25878
-1.21655
-1.178
-1.14265
-1.1101
-1.08
-1.05208
-1.02609
-1.00183
-0.979124
-0.95781
-0.937759
-0.918852
-0.900988
-0.884077
-0.868038
-0.852801
-0.838302
-0.824484
-0.811297
-0.798695
-0.786636
-0.775084
-0.764004
-0.753366
-0.743142
-0.733306
-0.723834
-0.714706
-0.705901
-0.697401
-0.68919
-0.681251
-0.673572
-0.666138
-0.658937
-0.651958
-0.64519
-0.638623
-0.632248
-0.626057
-0.620041
-0.614192
-0.608505
-0.602971
-0.597586
-0.592342
-0.587236
-0.58226
-0.577411
-0.572684
-0.568074
-0.563578
-0.559192
-0.554911
-0.550733
-0.546654
-0.542671
-0.538781
-0.534981
-0.531269
-0.527642
-0.524097
-0.520633
-0.517247
-0.513937
-0.510701
-0.507538
-0.504444
-0.50142
-0.498462
-0.49557
-0.492741
-0.489976
-0.487271
-0.484626
-0.48204
-0.479511
-0.477038
-0.47462
-0.472256
-0.469945
-0.467687
-0.465479
-0.463322
-0.461214
-0.459154
-0.457142
-0.455177
-0.453259
-0.451386
-0.449557
-0.447773
-0.446033
-0.444336
-0.442681
-0.441067
-0.439495
-0.437964
-0.436474
-0.435023
-0.433612
-0.432239
-0.430905
-0.42961
-0.428352
-0.427131
-0.425948
-0.424801
-0.423691
-0.422617
-0.421578
-0.420575
-0.419608
-0.418675
-0.417777
-0.416913
-0.416084
-0.415289
-0.414528
-0.4138
-0.413105
-0.412444
-0.411816
-0.411221
-0.410659
-0.41013
-0.409633
-0.409168
-0.408736
-0.408336
-0.407967
-0.407631
-0.407327
-0.407055
-0.406815
-0.406606
-0.406429
-0.406283
-0.406169
-0.406087
-0.406036
-0.406017
-0.406029
-0.406073
-0.406149
-0.406256
-0.406394
-0.406564
-0.406766
-0.407
-0.407265
-0.407562
-0.407891
-0.408252
-0.408646
-0.409071
-0.409528
-0.410018
-0.410541
-0.411096
-0.411684
-0.412305
-0.412958
-0.413645
-0.414366
-0.41512
-0.415908
-0.41673
-0.417586
-0.418476
-0.419401
-0.420361
-0.421356
-0.422387
-0.423453
-0.424556
-0.425695
-0.42687
-0.428082
-0.429332
-0.430619
-0.431945
-0.433309
-0.434712
-0.436154
-0.437636
-0.439158
-0.440721
-0.442325
-0.443971
-0.445659
-0.44739
-0.449164
-0.450983
-0.452846
-0.454755
-0.45671
-0.458711
-0.46076
-0.462858
-0.465004
-0.467201
-0.469448
-0.471747
-0.4741
-0.476505
-0.478966
-0.481483
-0.484057
-0.486689
-0.48938
-0.492133
-0.494947
-0.497825
-0.500769
-0.503778
-0.506857
-0.510005
-0.513225
-0.516518
-0.519888
-0.523335
-0.526861
-0.53047
-0.534164
-0.537944
-0.541814
-0.545777
-0.549834
-0.553991
-0.558249
-0.562612
-0.567084
-0.571668
-0.576369
-0.581191
-0.586139
-0.591217
-0.59643
-0.601784
-0.607284
-0.612938
-0.61875
-0.624729
-0.630881
-0.637216
-0.64374
-0.650463
-0.657395
-0.664547
-0.671929
-0.679554
-0.687435
-0.695585
-0.70402
-0.712757
-0.721814
-0.731209
-0.740963
-0.751101
-0.761646
-0.772627
-0.784073
-0.796018
-0.808499
-0.821554
-0.83523
-0.849576
-0.864647
-0.880505
-0.89722
-0.914868
-0.933539
-0.953331
-0.974359
-0.996752
-1.02066
-1.04625
-1.07373
-1.10333
-1.13532
-1.17003
-1.20784
-1.24922
-1.29474
-1.34507
-1.40107
-1.46381
-1.53464
-1.61529
-1.70802
-1.81584
-1.94278
-2.09443
-2.27857
-2.50629
-2.79341
-3.16188
-3.63837
-4.2383
-4.9006
-5.36097
-5.26765
-4.70444
-4.04527
-3.48225
-3.04143
-2.7004
-2.43334
-2.22027
-2.04698
-1.90353
-1.78289
-1.68002
-1.59123
-1.51376
-1.44555
-1.38498
-1.3308
-1.28201
-1.23782
-1.19757
-1.16075
-1.1269
-1.09567
-1.06675
-1.03987
-1.01481
-0.991383
-0.969424
-0.948789
-0.929354
-0.91101
-0.89366
-0.87722
-0.861615
-0.846777
-0.832648
-0.819173
-0.806305
-0.794
-0.782218
-0.770926
-0.760089
-0.74968
-0.739671
-0.730038
-0.720758
-0.711811
-0.703178
-0.694842
-0.686786
-0.678996
-0.671458
-0.664159
-0.657087
-0.650231
-0.643582
-0.637129
-0.630864
-0.624778
-0.618864
-0.613114
-0.607522
-0.60208
-0.596784
-0.591627
-0.586604
-0.58171
-0.57694
-0.57229
-0.567755
-0.563333
-0.559018
-0.554807
-0.550697
-0.546685
-0.542768
-0.538942
-0.535206
-0.531556
-0.52799
-0.524505
-0.5211
-0.517772
-0.51452
-0.511341
-0.508233
-0.505195
-0.502225
-0.499321
-0.496482
-0.493707
-0.490993
-0.48834
-0.485747
-0.483212
-0.480734
-0.478311
-0.475943
-0.473629
-0.471368
-0.469159
-0.467
-0.464892
-0.462832
-0.460821
-0.458858
-0.456941
-0.455071
-0.453246
-0.451465
-0.449729
-0.448037
-0.446387
-0.44478
-0.443215
-0.441691
-0.440208
-0.438765
-0.437362
-0.435999
-0.434674
-0.433389
-0.432141
-0.430932
-0.42976
-0.428625
-0.427528
-0.426466
-0.425441
-0.424452
-0.423499
-0.422581
-0.421698
-0.420851
-0.420038
-0.419259
-0.418515
-0.417805
-0.417128
-0.416486
-0.415877
-0.415301
-0.414759
-0.41425
-0.413774
-0.413331
-0.41292
-0.412542
-0.412197
-0.411884
-0.411604
-0.411356
-0.411141
-0.410957
-0.410806
-0.410687
-0.4106
-0.410545
-0.410522
-0.410531
-0.410573
-0.410646
-0.410752
-0.41089
-0.411059
-0.411262
-0.411496
-0.411763
-0.412062
-0.412393
-0.412757
-0.413154
-0.413583
-0.414046
-0.414541
-0.415069
-0.415631
-0.416225
-0.416854
-0.417516
-0.418212
-0.418942
-0.419706
-0.420504
-0.421337
-0.422205
-0.423108
-0.424047
-0.425021
-0.426031
-0.427077
-0.428159
-0.429278
-0.430434
-0.431628
-0.432859
-0.434129
-0.435437
-0.436783
-0.43817
-0.439595
-0.441062
-0.442568
-0.444116
-0.445706
-0.447337
-0.449012
-0.450729
-0.452491
-0.454297
-0.456148
-0.458046
-0.459989
-0.46198
-0.464019
-0.466107
-0.468244
-0.470432
-0.472671
-0.474963
-0.477308
-0.479707
-0.482162
-0.484673
-0.487242
-0.489869
-0.492557
-0.495306
-0.498118
-0.500994
-0.503936
-0.506946
-0.510024
-0.513173
-0.516394
-0.51969
-0.523063
-0.526513
-0.530045
-0.533659
-0.537359
-0.541147
-0.545025
-0.548997
-0.553065
-0.557233
-0.561504
-0.56588
-0.570367
-0.574968
-0.579687
-0.584528
-0.589496
-0.594597
-0.599834
-0.605213
-0.610742
-0.616424
-0.622269
-0.628281
-0.63447
-0.640843
-0.647408
-0.654176
-0.661155
-0.668357
-0.675793
-0.683476
-0.691418
-0.699634
-0.708141
-0.716953
-0.72609
-0.735572
-0.74542
-0.755658
-0.766311
-0.777408
-0.788979
-0.801059
-0.813685
-0.826899
-0.840747
-0.85528
-0.870554
-0.886634
-0.903591
-0.921506
-0.940469
-0.960585
-0.98197
-1.00476
-1.02911
-1.0552
-1.08323
-1.11346
-1.14616
-1.18168
-1.22043
-1.26289
-1.30965
-1.36146
-1.4192
-1.48403
-1.55738
-1.64111
-1.73767
-1.8503
-1.98343
-2.14314
-2.33802
-2.58028
-2.88732
-3.28278
-3.79296
-4.42202
-5.06528
-5.39857
-5.14379
-4.52105
-3.87936
-3.35106
-2.9405
-2.6222
-2.37171
-2.17078
-2.00653
-1.86995
-1.75462
-1.65593
-1.57048
-1.49574
-1.42977
-1.37106
-1.31845
-1.27099
-1.22795
-1.18869
-1.15273
-1.11964
-1.08907
-1.06074
-1.03438
-1.00979
-0.98679
-0.965213
-0.944925
-0.925806
-0.90775
-0.890665
-0.874468
-0.859087
-0.844458
-0.830521
-0.817225
-0.804524
-0.792376
-0.780741
-0.769586
-0.758879
-0.748592
-0.738699
-0.729175
-0.719999
-0.711151
-0.702612
-0.694365
-0.686395
-0.678687
-0.671228
-0.664004
-0.657005
-0.65022
-0.643638
-0.63725
-0.631048
-0.625024
-0.619169
-0.613477
-0.60794
-0.602553
-0.59731
-0.592205
-0.587233
-0.582388
-0.577667
-0.573065
-0.568577
-0.5642
-0.55993
-0.555764
-0.551698
-0.547729
-0.543854
-0.54007
-0.536375
-0.532766
-0.52924
-0.525796
-0.522431
-0.519142
-0.515929
-0.512788
-0.509719
-0.506719
-0.503787
-0.500921
-0.49812
-0.495382
-0.492706
-0.490091
-0.487534
-0.485036
-0.482595
-0.480209
-0.477878
-0.475601
-0.473377
-0.471204
-0.469083
-0.467011
-0.464989
-0.463015
-0.461088
-0.459209
-0.457375
-0.455587
-0.453845
-0.452146
-0.450491
-0.448879
-0.44731
-0.445782
-0.444296
-0.442852
-0.441447
-0.440083
-0.438759
-0.437473
-0.436227
-0.435019
-0.433849
-0.432717
-0.431623
-0.430565
-0.429545
-0.42856
-0.427613
-0.426701
-0.425824
-0.424984
-0.424178
-0.423408
-0.422672
-0.421971
-0.421305
-0.420672
-0.420074
-0.41951
-0.418979
-0.418482
-0.418019
-0.417589
-0.417192
-0.416829
-0.416498
-0.416201
-0.415937
-0.415705
-0.415506
-0.41534
-0.415207
-0.415107
-0.415039
-0.415003
-0.415001
-0.415031
-0.415093
-0.415189
-0.415317
-0.415478
-0.415671
-0.415897
-0.416156
-0.416449
-0.416774
-0.417132
-0.417523
-0.417948
-0.418406
-0.418897
-0.419422
-0.419981
-0.420574
-0.421201
-0.421862
-0.422557
-0.423287
-0.424052
-0.424852
-0.425687
-0.426558
-0.427464
-0.428406
-0.429384
-0.430399
-0.43145
-0.432539
-0.433665
-0.434829
-0.43603
-0.437271
-0.43855
-0.439868
-0.441226
-0.442623
-0.444062
-0.445541
-0.447062
-0.448624
-0.450229
-0.451877
-0.453569
-0.455305
-0.457085
-0.458911
-0.460783
-0.462702
-0.464669
-0.466683
-0.468747
-0.470861
-0.473025
-0.475241
-0.477509
-0.479832
-0.482208
-0.48464
-0.487129
-0.489676
-0.492282
-0.494948
-0.497676
-0.500467
-0.503323
-0.506244
-0.509233
-0.512291
-0.51542
-0.518622
-0.521898
-0.525251
-0.528682
-0.532195
-0.53579
-0.539471
-0.543241
-0.547101
-0.551054
-0.555105
-0.559255
-0.563508
-0.567867
-0.572337
-0.57692
-0.581622
-0.586447
-0.591398
-0.596482
-0.601702
-0.607066
-0.612578
-0.618245
-0.624073
-0.63007
-0.636243
-0.6426
-0.64915
-0.655902
-0.662866
-0.670053
-0.677473
-0.685141
-0.693068
-0.701269
-0.70976
-0.718557
-0.727679
-0.737146
-0.746978
-0.7572
-0.767838
-0.778919
-0.790474
-0.802538
-0.815148
-0.828345
-0.842175
-0.85669
-0.871946
-0.888007
-0.904944
-0.922839
-0.94178
-0.961873
-0.983234
-1.006
-1.03032
-1.05638
-1.08438
-1.11457
-1.14723
-1.18271
-1.2214
-1.26381
-1.31051
-1.36223
-1.41989
-1.4846
-1.55782
-1.6414
-1.73776
-1.85014
-1.98294
-2.14222
-2.33651
-2.57798
-2.8839
-3.27781
-3.78602
-4.41331
-5.05765
-5.39808
-5.15187
-4.53215
-3.88964
-3.35963
-2.94755
-2.62808
-2.37672
-2.17514
-2.01041
-1.87344
-1.75782
-1.6589
-1.57327
-1.49838
-1.43228
-1.37347
-1.32077
-1.27324
-1.23013
-1.19082
-1.15481
-1.12168
-1.09108
-1.06272
-1.03634
-1.01173
-0.98871
-0.967118
-0.946816
-0.927686
-0.909621
-0.892528
-0.876325
-0.86094
-0.846307
-0.832368
-0.819071
-0.80637
-0.794222
-0.782588
-0.771436
-0.760732
-0.750448
-0.740559
-0.73104
-0.721869
-0.713027
-0.704494
-0.696255
-0.688292
-0.680591
-0.67314
-0.665925
-0.658935
-0.652159
-0.645587
-0.639209
-0.633018
-0.627004
-0.62116
-0.615479
-0.609955
-0.60458
-0.599349
-0.594256
-0.589297
-0.584466
-0.579758
-0.575169
-0.570696
-0.566333
-0.562078
-0.557926
-0.553875
-0.549922
-0.546062
-0.542295
-0.538616
-0.535023
-0.531514
-0.528087
-0.524739
-0.521468
-0.518272
-0.515149
-0.512098
-0.509117
-0.506204
-0.503357
-0.500575
-0.497857
-0.4952
-0.492605
-0.490069
-0.487591
-0.485171
-0.482807
-0.480497
-0.478242
-0.476039
-0.473889
-0.47179
-0.469741
-0.467741
-0.46579
-0.463888
-0.462032
-0.460223
-0.458459
-0.456741
-0.455068
-0.453438
-0.451851
-0.450308
-0.448807
-0.447348
-0.44593
-0.444552
-0.443216
-0.441919
-0.440662
-0.439444
-0.438265
-0.437124
-0.436021
-0.434956
-0.433929
-0.432939
-0.431985
-0.431069
-0.430188
-0.429344
-0.428536
-0.427763
-0.427025
-0.426323
-0.425656
-0.425023
-0.424426
-0.423863
-0.423334
-0.422839
-0.422378
-0.421952
-0.421559
-0.4212
-0.420875
-0.420583
-0.420325
-0.4201
-0.419908
-0.41975
-0.419625
-0.419533
-0.419475
-0.41945
-0.419457
-0.419499
-0.419573
-0.419681
-0.419821
-0.419996
-0.420203
-0.420444
-0.420718
-0.421026
-0.421368
-0.421743
-0.422152
-0.422595
-0.423071
-0.423582
-0.424128
-0.424707
-0.425322
-0.425971
-0.426655
-0.427374
-0.428128
-0.428918
-0.429744
-0.430605
-0.431503
-0.432437
-0.433408
-0.434416
-0.435461
-0.436544
-0.437665
-0.438824
-0.440022
-0.441258
-0.442534
-0.44385
-0.445206
-0.446603
-0.448041
-0.44952
-0.451041
-0.452605
-0.454212
-0.455863
-0.457558
-0.459297
-0.461083
-0.462914
-0.464792
-0.466718
-0.468692
-0.470715
-0.472788
-0.474911
-0.477086
-0.479314
-0.481595
-0.483931
-0.486322
-0.48877
-0.491275
-0.493839
-0.496464
-0.499149
-0.501898
-0.504711
-0.507589
-0.510535
-0.513549
-0.516634
-0.519792
-0.523023
-0.526331
-0.529717
-0.533183
-0.536731
-0.540365
-0.544086
-0.547897
-0.551801
-0.555801
-0.5599
-0.5641
-0.568407
-0.572822
-0.57735
-0.581995
-0.586761
-0.591653
-0.596676
-0.601834
-0.607133
-0.612579
-0.618177
-0.623935
-0.62986
-0.635958
-0.642237
-0.648706
-0.655375
-0.662252
-0.669348
-0.676675
-0.684244
-0.692068
-0.700161
-0.708539
-0.717218
-0.726215
-0.735549
-0.745243
-0.755318
-0.765799
-0.776714
-0.788092
-0.799967
-0.812375
-0.825356
-0.838954
-0.853218
-0.868204
-0.883971
-0.90059
-0.918137
-0.9367
-0.956376
-0.977279
-0.999537
-1.0233
-1.04873
-1.07603
-1.10543
-1.1372
-1.17166
-1.20919
-1.25025
-1.29539
-1.34528
-1.40078
-1.46291
-1.533
-1.61276
-1.70439
-1.81081
-1.93597
-2.08528
-2.2663
-2.48979
-2.77106
-3.13146
-3.5974
-4.18655
-4.84881
-5.34086
-5.30041
-4.76404
-4.10344
-3.53044
-3.08004
-2.73156
-2.45901
-2.24189
-2.06557
-1.91982
-1.79739
-1.69311
-1.6032
-1.52482
-1.45586
-1.39467
-1.33997
-1.29074
-1.24617
-1.20561
-1.16851
-1.13443
-1.10299
-1.07388
-1.04684
-1.02165
-0.9981
-0.976034
-0.955305
-0.935787
-0.91737
-0.899956
-0.883461
-0.867807
-0.852927
-0.838762
-0.825256
-0.812362
-0.800035
-0.788236
-0.77693
-0.766083
-0.755667
-0.745653
-0.736019
-0.72674
-0.717797
-0.70917
-0.700842
-0.692796
-0.685018
-0.677494
-0.67021
-0.663156
-0.656319
-0.64969
-0.643259
-0.637017
-0.630956
-0.625068
-0.619345
-0.613781
-0.608369
-0.603103
-0.597978
-0.592988
-0.588128
-0.583393
-0.578779
-0.574282
-0.569898
-0.565622
-0.561451
-0.557382
-0.553412
-0.549538
-0.545756
-0.542064
-0.53846
-0.53494
-0.531503
-0.528146
-0.524867
-0.521664
-0.518536
-0.51548
-0.512494
-0.509577
-0.506727
-0.503944
-0.501224
-0.498567
-0.495972
-0.493437
-0.49096
-0.488542
-0.486181
-0.483874
-0.481623
-0.479425
-0.47728
-0.475186
-0.473144
-0.471151
-0.469208
-0.467313
-0.465465
-0.463665
-0.461911
-0.460203
-0.45854
-0.456921
-0.455346
-0.453815
-0.452326
-0.450879
-0.449475
-0.448111
-0.446789
-0.445507
-0.444265
-0.443063
-0.4419
-0.440776
-0.43969
-0.438643
-0.437633
-0.436661
-0.435727
-0.43483
-0.433969
-0.433145
-0.432357
-0.431605
-0.43089
-0.430209
-0.429565
-0.428955
-0.428381
-0.427842
-0.427337
-0.426868
-0.426433
-0.426032
-0.425665
-0.425333
-0.425035
-0.424772
-0.424542
-0.424346
-0.424184
-0.424055
-0.423961
-0.423901
-0.423874
-0.423881
-0.423921
-0.423996
-0.424104
-0.424247
-0.424423
-0.424633
-0.424876
-0.425154
-0.425467
-0.425813
-0.426193
-0.426608
-0.427058
-0.427542
-0.428061
-0.428614
-0.429203
-0.429827
-0.430486
-0.431181
-0.431912
-0.432678
-0.433481
-0.43432
-0.435196
-0.436109
-0.437059
-0.438046
-0.439071
-0.440134
-0.441236
-0.442376
-0.443555
-0.444774
-0.446032
-0.447331
-0.44867
-0.45005
-0.451472
-0.452936
-0.454443
-0.455992
-0.457585
-0.459222
-0.460904
-0.462631
-0.464404
-0.466223
-0.46809
-0.470005
-0.471969
-0.473982
-0.476046
-0.47816
-0.480327
-0.482547
-0.484821
-0.48715
-0.489535
-0.491977
-0.494477
-0.497037
-0.499658
-0.502341
-0.505087
-0.507897
-0.510775
-0.51372
-0.516734
-0.51982
-0.522979
-0.526213
-0.529524
-0.532914
-0.536385
-0.539939
-0.54358
-0.547308
-0.551128
-0.555042
-0.559052
-0.563163
-0.567377
-0.571697
-0.576128
-0.580673
-0.585336
-0.590122
-0.595035
-0.60008
-0.605263
-0.610588
-0.616062
-0.621691
-0.627482
-0.633441
-0.639575
-0.645894
-0.652406
-0.65912
-0.666045
-0.673193
-0.680574
-0.688202
-0.696089
-0.70425
-0.7127
-0.721455
-0.730535
-0.739958
-0.749746
-0.759923
-0.770514
-0.781547
-0.793052
-0.805065
-0.817621
-0.830763
-0.844535
-0.858989
-0.874181
-0.890174
-0.90704
-0.924857
-0.943717
-0.963721
-0.984986
-1.00765
-1.03185
-1.05779
-1.08565
-1.11569
-1.14818
-1.18346
-1.22193
-1.26408
-1.31048
-1.36186
-1.41911
-1.48334
-1.55597
-1.63883
-1.73429
-1.84555
-1.97689
-2.13425
-2.32598
-2.56395
-2.86503
-3.25233
-3.75222
-4.3724
-5.02186
-5.39359
-5.18482
-4.57806
-3.93142
-3.39357
-2.97463
-2.64996
-2.39478
-2.19037
-2.02351
-1.88493
-1.76805
-1.66813
-1.5817
-1.50615
-1.43952
-1.38026
-1.32719
-1.27934
-1.23596
-1.19642
-1.16021
-1.12691
-1.09616
-1.06766
-1.04116
-1.01645
-0.993342
-0.97167
-0.951299
-0.932107
-0.913987
-0.896846
-0.880601
-0.865179
-0.850513
-0.836546
-0.823225
-0.810503
-0.798337
-0.786689
-0.775524
-0.76481
-0.75452
-0.744625
-0.735103
-0.725932
-0.71709
-0.708559
-0.700323
-0.692366
-0.684672
-0.677228
-0.670023
-0.663043
-0.656278
-0.649719
-0.643355
-0.637178
-0.63118
-0.625352
-0.619689
-0.614182
-0.608826
-0.603615
-0.598543
-0.593605
-0.588796
-0.584112
-0.579547
-0.575097
-0.57076
-0.56653
-0.562405
-0.558381
-0.554456
-0.550625
-0.546886
-0.543237
-0.539674
-0.536196
-0.5328
-0.529484
-0.526246
-0.523083
-0.519994
-0.516978
-0.514031
-0.511154
-0.508343
-0.505598
-0.502917
-0.500298
-0.497742
-0.495245
-0.492807
-0.490426
-0.488103
-0.485835
-0.483621
-0.481461
-0.479354
-0.477299
-0.475294
-0.47334
-0.471434
-0.469578
-0.467769
-0.466007
-0.464291
-0.462622
-0.460997
-0.459417
-0.457881
-0.456389
-0.45494
-0.453533
-0.452168
-0.450844
-0.449562
-0.44832
-0.447119
-0.445957
-0.444835
-0.443752
-0.442708
-0.441702
-0.440735
-0.439805
-0.438914
-0.438059
-0.437242
-0.436461
-0.435717
-0.435009
-0.434338
-0.433703
-0.433103
-0.43254
-0.432011
-0.431519
-0.431061
-0.430638
-0.430251
-0.429898
-0.42958
-0.429297
-0.429049
-0.428835
-0.428655
-0.42851
-0.4284
-0.428324
-0.428282
-0.428274
-0.428301
-0.428362
-0.428458
-0.428588
-0.428752
-0.428951
-0.429185
-0.429453
-0.429756
-0.430093
-0.430465
-0.430873
-0.431315
-0.431792
-0.432305
-0.432854
-0.433437
-0.434057
-0.434713
-0.435404
-0.436133
-0.436897
-0.437698
-0.438537
-0.439412
-0.440326
-0.441276
-0.442265
-0.443293
-0.444359
-0.445464
-0.446608
-0.447792
-0.449016
-0.450281
-0.451586
-0.452933
-0.454322
-0.455753
-0.457226
-0.458743
-0.460304
-0.461909
-0.463559
-0.465254
-0.466996
-0.468784
-0.47062
-0.472504
-0.474437
-0.47642
-0.478453
-0.480537
-0.482674
-0.484864
-0.487108
-0.489408
-0.491763
-0.494176
-0.496647
-0.499178
-0.501769
-0.504423
-0.50714
-0.509922
-0.51277
-0.515686
-0.518672
-0.521729
-0.524859
-0.528064
-0.531346
-0.534707
-0.538149
-0.541675
-0.545286
-0.548985
-0.552776
-0.55666
-0.560641
-0.564721
-0.568905
-0.573195
-0.577595
-0.582109
-0.586741
-0.591496
-0.596377
-0.60139
-0.60654
-0.611832
-0.617272
-0.622866
-0.628621
-0.634544
-0.640643
-0.646924
-0.653397
-0.660071
-0.666956
-0.674062
-0.681401
-0.688984
-0.696825
-0.704938
-0.713338
-0.722042
-0.731068
-0.740435
-0.750164
-0.760279
-0.770805
-0.78177
-0.793203
-0.805139
-0.817614
-0.830669
-0.844349
-0.858703
-0.873788
-0.889667
-0.906408
-0.924091
-0.942803
-0.962647
-0.983737
-1.0062
-1.0302
-1.05589
-1.08349
-1.11322
-1.14538
-1.18027
-1.2183
-1.25994
-1.30576
-1.35645
-1.41288
-1.47614
-1.54759
-1.629
-1.72268
-1.83168
-1.96013
-2.11372
-2.30041
-2.53154
-2.82325
-3.19779
-3.68165
-4.28765
-4.94506
-5.37571
-5.24358
-4.66611
-4.01198
-3.45805
-3.0249
-2.6895
-2.42646
-2.21628
-2.04512
-1.90326
-1.78384
-1.68192
-1.59388
-1.51704
-1.44933
-1.38918
-1.33536
-1.28688
-1.24295
-1.20294
-1.16632
-1.13267
-1.1016
-1.07283
-1.04609
-1.02116
-0.997854
-0.976008
-0.95548
-0.936146
-0.917898
-0.900641
-0.884291
-0.868772
-0.854019
-0.839972
-0.826577
-0.813788
-0.801561
-0.789856
-0.778639
-0.767879
-0.757544
-0.747609
-0.73805
-0.728845
-0.719972
-0.711413
-0.703151
-0.695169
-0.687454
-0.67999
-0.672766
-0.66577
-0.658991
-0.652418
-0.646042
-0.639855
-0.633847
-0.628012
-0.622341
-0.616829
-0.611468
-0.606254
-0.601179
-0.596239
-0.591429
-0.586743
-0.582179
-0.577731
-0.573395
-0.569168
