t	y1	y2
0	0	1
0.1	0.0998333	0.995004
0.2	0.198669	0.980067
0.3	0.29552	0.955337
0.4	0.389418	0.921061
0.5	0.479425	0.877583
0.6	0.564642	0.825336
0.7	0.644217	0.764843
0.8	0.717356	0.696707
0.9	0.783326	0.621611
1	0.84147	0.540303
1.1	0.891207	0.453597
1.2	0.932039	0.362359
1.3	0.963558	0.2675
1.4	0.985449	0.169968
1.5	0.997495	0.0707384
1.6	0.999574	-0.0291982
1.7	0.991665	-0.128843
1.8	0.973848	-0.227201
1.9	0.9463	-0.323288
2	0.909298	-0.416145
2.1	0.86321	-0.504845
2.2	0.808497	-0.5885
2.3	0.745706	-0.666274
2.4	0.675465	-0.737392
2.5	0.598474	-0.801142
2.6	0.515503	-0.856887
2.7	0.427382	-0.904071
2.8	0.33499	-0.942221
2.9	0.239252	-0.970957
3	0.141122	-0.989992
3.1	0.0415832	-0.999135
3.2	-0.0583715	-0.998295
3.3	-0.157743	-0.98748
3.4	-0.255538	-0.966799
3.5	-0.35078	-0.936457
3.6	-0.442518	-0.89676
3.7	-0.529833	-0.848101
3.8	-0.611855	-0.790969
3.9	-0.687764	-0.725934
4	-0.7568	-0.653646
4.1	-0.818275	-0.574827
4.2	-0.871574	-0.490264
4.3	-0.916164	-0.400802
4.4	-0.951601	-0.307336
4.5	-0.977529	-0.210799
4.6	-0.99369	-0.112156
4.7	-0.999923	-0.0123926
4.8	-0.996165	0.087495
4.9	-0.982453	0.186508
5	-0.958925	0.283658
5.1	-0.925816	0.377974
5.2	-0.883456	0.468513
5.3	-0.83227	0.55437
5.4	-0.772767	0.634689
5.5	-0.705543	0.708666
5.6	-0.63127	0.775563
5.7	-0.550689	0.83471
5.8	-0.464606	0.885517
5.9	-0.373881	0.927476
6	-0.27942	0.960168
6.1	-0.182167	0.983267
6.2	-0.0830945	0.996541
6.3	0.0168087	0.999858
6.4	0.116544	0.993185
6.5	0.215115	0.976588
6.6	0.311536	0.950234
6.7	0.404845	0.914385
6.8	0.494108	0.8694
6.9	0.578435	0.815728
7	0.656982	0.753906
7.1	0.728965	0.684551
7.2	0.793664	0.608356
7.3	0.850433	0.526082
7.4	0.898705	0.438553
7.5	0.937997	0.346641
7.6	0.967918	0.251266
7.7	0.988167	0.15338
7.8	0.998542	0.0539619
7.9	0.998941	-0.0459955
8	0.989359	-0.145493
8.1	0.969891	-0.243537
8.2	0.940732	-0.339148
8.3	0.902174	-0.43137
8.4	0.854602	-0.519282
8.5	0.798491	-0.602006
8.6	0.734402	-0.678714
8.7	0.662974	-0.748641
8.8	0.584923	-0.811088
8.9	0.501027	-0.865431
9	0.412125	-0.911127
9.1	0.319105	-0.947719
9.2	0.222897	-0.974841
9.3	0.124462	-0.992224
9.4	0.0247832	-0.999692
9.5	-0.0751432	-0.997172
9.6	-0.174319	-0.984689
9.7	-0.271753	-0.962366
9.8	-0.366471	-0.930429
9.9	-0.457528	-0.889194
10	-0.544014	-0.839075
10.1	-0.625064	-0.780573
10.2	-0.699868	-0.714271
10.3	-0.76768	-0.640833
10.4	-0.827821	-0.560991
10.5	-0.879691	-0.475544
10.6	-0.922771	-0.385346
10.7	-0.956632	-0.291298
10.8	-0.980934	-0.194339
10.9	-0.995435	-0.0954378
11	-0.999989	0.00441656
11.1	-0.994553	0.104227
11.2	-0.979179	0.202996
11.3	-0.954021	0.299736
11.4	-0.919332	0.393482
11.5	-0.875456	0.483296
11.6	-0.822833	0.568281
11.7	-0.761989	0.647588
11.8	-0.693532	0.720425
11.9	-0.618144	0.786064
12	-0.536581	0.843848
12.1	-0.449656	0.893201
12.2	-0.358238	0.933629
12.3	-0.263241	0.964729
12.4	-0.165614	0.98619
12.5	-0.0663322	0.997797
12.6	0.0336126	0.999434
12.7	0.133221	0.991085
12.8	0.231499	0.972834
12.9	0.327464	0.944863
13	0.420157	0.90745
13.1	0.508652	0.860971
13.2	0.592064	0.80589
13.3	0.669561	0.742756
13.4	0.740368	0.672201
13.5	0.803777	0.594929
13.6	0.859155	0.511713
13.7	0.905949	0.423384
13.8	0.943691	0.330825
13.9	0.972004	0.234961
14	0.990605	0.136749
14.1	0.999308	0.03717
14.2	0.998026	-0.0627799
14.3	0.986773	-0.162103
14.4	0.96566	-0.259806
14.5	0.934898	-0.354913
14.6	0.894796	-0.446474
14.7	0.845752	-0.533574
14.8	0.788259	-0.615342
14.9	0.722889	-0.690963
15	0.650297	-0.759679
15.1	0.571207	-0.820805
15.2	0.486409	-0.87373
15.3	0.396752	-0.917925
15.4	0.30313	-0.952948
15.5	0.20648	-0.97845
15.6	0.107766	-0.994175
15.7	0.00797621	-0.999967
15.8	-0.0918937	-0.995768
15.9	-0.190845	-0.981619
16	-0.28789	-0.957662
16.1	-0.382059	-0.924137
16.2	-0.47241	-0.881378
16.3	-0.55804	-0.829812
16.4	-0.638095	-0.769956
16.5	-0.711775	-0.702406
16.6	-0.778343	-0.627838
16.7	-0.837133	-0.546997
16.8	-0.88756	-0.46069
16.9	-0.929118	-0.369781
17	-0.961392	-0.275177
17.1	-0.984061	-0.177823
17.2	-0.996898	-0.0786923
17.3	-0.999774	0.0212244
17.4	-0.99266	0.120929
17.5	-0.975628	0.219426
17.6	-0.948848	0.31573
17.7	-0.912587	0.408879
17.8	-0.867208	0.497943
17.9	-0.813165	0.582031
18	-0.750996	0.660305
18.1	-0.681324	0.73198
18.2	-0.604844	0.796342
18.3	-0.522321	0.852748
18.4	-0.434579	0.900632
18.5	-0.342495	0.939518
18.6	-0.246988	0.969017
18.7	-0.149014	0.988834
18.8	-0.0495512	0.99877
18.9	0.0504069	0.998727
19	0.149861	0.988706
19.1	0.247819	0.968805
19.2	0.343299	0.939225
19.3	0.43535	0.90026
19.4	0.523051	0.8523
19.5	0.605526	0.795824
19.6	0.681951	0.731396
19.7	0.751562	0.659661
19.8	0.813663	0.581334
19.9	0.867635	0.497199
20	0.912937	0.408097
20.1	0.949118	0.314916
20.2	0.975815	0.218589
20.3	0.992763	0.120078
20.4	0.999791	0.0203678
20.5	0.99683	-0.0795465
20.6	0.983908	-0.178666
20.7	0.961156	-0.276
20.8	0.9288	-0.370577
20.9	0.887164	-0.461451
21	0.836664	-0.547714
21.1	0.777804	-0.628505
21.2	0.711173	-0.703015
21.3	0.637435	-0.770502
21.4	0.557329	-0.83029
21.5	0.471654	-0.881782
21.6	0.381267	-0.924464
21.7	0.287069	-0.957908
21.8	0.190004	-0.981782
21.9	0.0910404	-0.995846
22	-0.00883303	-0.999959
22.1	-0.108618	-0.994082
22.2	-0.207318	-0.978272
22.3	-0.303946	-0.952687
22.4	-0.397538	-0.917584
22.5	-0.487157	-0.873312
22.6	-0.571909	-0.820315
22.7	-0.650947	-0.759121
22.8	-0.723481	-0.690342
22.9	-0.788785	-0.614666
23	-0.846209	-0.532848
23.1	-0.895177	-0.445706
23.2	-0.935202	-0.354111
23.3	-0.965882	-0.258978
23.4	-0.986911	-0.161257
23.5	-0.998079	-0.0619247
23.6	-0.999275	0.0380263
23.7	-0.990487	0.137597
23.8	-0.971802	0.235793
23.9	-0.943406	0.331634
24	-0.905585	0.42416
24.1	-0.858716	0.512449
24.2	-0.803266	0.595617
24.3	-0.739791	0.672834
24.4	-0.668924	0.743329
24.5	-0.591373	0.806396
24.6	-0.507913	0.861406
24.7	-0.419379	0.907809
24.8	-0.326654	0.945142
24.9	-0.230665	0.973031
25	-0.132372	0.991198
25.1	-0.0327562	0.999462
25.2	0.0671871	0.997739
25.3	0.166459	0.986047
25.4	0.264068	0.964502
25.5	0.359038	0.933321
25.6	0.450421	0.892814
25.7	0.537303	0.843387
25.8	0.618817	0.785533
25.9	0.694148	0.71983
26	0.762543	0.646935
26.1	0.823319	0.567575
26.2	0.875869	0.482545
26.3	0.919667	0.392694
26.4	0.954277	0.298918
26.5	0.979351	0.202156
26.6	0.994641	0.103374
26.7	0.999992	0.00355971
26.8	0.995351	-0.0962906
26.9	0.980766	-0.195179
27	0.956381	-0.292117
27.1	0.92244	-0.386136
27.2	0.879282	-0.476297
27.3	0.827339	-0.561699
27.4	0.767129	-0.641489
27.5	0.699255	-0.71487
27.6	0.624394	-0.781107
27.7	0.543294	-0.83954
27.8	0.456766	-0.889585
27.9	0.365673	-0.930741
28	0.270928	-0.962598
28.1	0.173475	-0.984836
28.2	0.0742887	-0.997235
28.3	-0.0256398	-0.999669
28.4	-0.125312	-0.992115
28.5	-0.223732	-0.974649
28.6	-0.319917	-0.947444
28.7	-0.412905	-0.910772
28.8	-0.501768	-0.865
28.9	-0.585617	-0.810586
29	-0.663615	-0.748072
29.1	-0.734982	-0.678084
29.2	-0.799005	-0.601321
29.3	-0.855045	-0.518549
29.4	-0.902542	-0.430597
29.5	-0.941021	-0.338342
29.6	-0.970098	-0.242706
29.7	-0.989481	-0.144645
29.8	-0.998979	-0.0451395
29.9	-0.998494	0.0548174
30	-0.988033	0.154227
30.1	-0.9677	0.252095
30.2	-0.937698	0.347444
30.3	-0.898327	0.439322
30.4	-0.849981	0.52681
30.5	-0.793141	0.609035
30.6	-0.728377	0.685174
30.7	-0.656335	0.754467
30.8	-0.577735	0.816222
30.9	-0.493362	0.869821
31	-0.40406	0.91473
31.1	-0.310721	0.950499
31.2	-0.214277	0.976771
31.3	-0.115693	0.993283
31.4	-0.0159519	0.999871
31.5	0.0839482	0.996468
31.6	0.18301	0.983109
31.7	0.280242	0.959927
31.8	0.374675	0.927154
31.9	0.465364	0.885117
32	0.551403	0.834236
32.1	0.631933	0.77502
32.2	0.706149	0.70806
32.3	0.773309	0.634026
32.4	0.832743	0.553656
32.5	0.883856	0.467755
32.6	0.926138	0.37718
32.7	0.959166	0.282836
32.8	0.982611	0.185666
32.9	0.996237	0.0866412
33	0.99991	-0.0132493
33.1	0.993592	-0.113007
33.2	0.977346	-0.211636
33.3	0.951335	-0.308151
33.4	0.915819	-0.401586
33.5	0.871152	-0.491009
33.6	0.81778	-0.575526
33.7	0.756238	-0.654293
33.8	0.68714	-0.726522
33.9	0.611176	-0.791492
34	0.529105	-0.848553
34.1	0.441748	-0.897136
34.2	0.349977	-0.936756
34.3	0.254709	-0.967015
34.4	0.156896	-0.987613
34.5	0.0575159	-0.998342
34.6	-0.0424392	-0.999097
34.7	-0.14197	-0.989868
34.8	-0.240083	-0.97075
34.9	-0.335797	-0.941932
35	-0.428155	-0.903702
35.1	-0.516236	-0.856444
35.2	-0.599159	-0.800627
35.3	-0.676095	-0.736812
35.4	-0.746275	-0.665634
35.5	-0.808999	-0.587805
35.6	-0.86364	-0.504104
35.7	-0.909652	-0.415365
35.8	-0.946575	-0.322476
35.9	-0.97404	-0.226366
36	-0.991773	-0.127993
36.1	-0.999596	-0.0283416
36.2	-0.997431	0.0715929
36.3	-0.985301	0.170812
36.4	-0.963326	0.268325
36.5	-0.931726	0.363156
36.6	-0.890816	0.454359
36.7	-0.841005	0.541022
36.8	-0.782792	0.62228
36.9	-0.716757	0.69732
37	-0.64356	0.765392
37.1	-0.563933	0.825817
37.2	-0.478672	0.877991
37.3	-0.388628	0.921392
37.4	-0.294701	0.955587
37.5	-0.197829	0.980234
37.6	-0.0989805	0.995087
37.7	0.00085685	0.999997
37.8	0.100686	0.994916
37.9	0.199508	0.979893
38	0.296338	0.95508
38.1	0.390206	0.920725
38.2	0.480176	0.877169
38.3	0.565348	0.82485
38.4	0.644871	0.764288
38.5	0.71795	0.69609
38.6	0.783857	0.620937
38.7	0.841931	0.53958
38.8	0.891593	0.452832
38.9	0.932346	0.361559
39	0.963784	0.266673
39.1	0.985592	0.169123
39.2	0.997552	0.0698835
39.3	0.999546	-0.0300546
39.4	0.991552	-0.129692
39.5	0.97365	-0.228034
39.6	0.946021	-0.324098
39.7	0.908939	-0.416923
39.8	0.862775	-0.505583
39.9	0.807991	-0.589191
40	0.745133	-0.666911
40.1	0.674831	-0.737969
40.2	0.597785	-0.801653
40.3	0.514767	-0.857327
40.4	0.426606	-0.904435
40.5	0.334182	-0.942506
40.6	0.238419	-0.97116
40.7	0.140274	-0.99011
40.8	0.040727	-0.999167
40.9	-0.0592267	-0.998242
41	-0.158589	-0.987342
41.1	-0.256366	-0.966577
41.2	-0.351582	-0.936154
41.3	-0.443285	-0.896378
41.4	-0.530559	-0.847645
41.5	-0.612531	-0.790443
41.6	-0.688384	-0.725343
41.7	-0.757358	-0.652996
41.8	-0.818765	-0.574124
41.9	-0.871991	-0.489515
42	-0.916505	-0.400016
42.1	-0.951861	-0.30652
42.2	-0.977707	-0.209961
42.3	-0.993783	-0.111305
42.4	-0.999931	-0.0115357
42.5	-0.996087	0.0883483
42.6	-0.98229	0.18735
42.7	-0.958679	0.284479
42.8	-0.925489	0.378766
42.9	-0.883052	0.469268
43	-0.831792	0.555082
43.1	-0.772221	0.635349
43.2	-0.704934	0.709269
43.3	-0.630604	0.776101
43.4	-0.549972	0.835179
43.5	-0.463846	0.885912
43.6	-0.373085	0.927794
43.7	-0.278597	0.960405
43.8	-0.181324	0.98342
43.9	-0.0822404	0.996609
44	0.0176653	0.999841
44.1	0.117395	0.993082
44.2	0.215951	0.976401
44.3	0.312349	0.949964
44.4	0.405627	0.914035
44.5	0.494852	0.868974
44.6	0.579132	0.81523
44.7	0.657626	0.753341
44.8	0.729549	0.683924
44.9	0.794183	0.607674
45	0.850881	0.525352
45.1	0.899078	0.437781
45.2	0.938292	0.345836
45.3	0.96813	0.250436
45.4	0.988295	0.152533
45.5	0.998586	0.0531061
45.6	0.998899	-0.0468514
45.7	0.989231	-0.146341
45.8	0.969679	-0.244368
45.9	0.940439	-0.339953
46	0.901802	-0.432142
46.1	0.854155	-0.520013
46.2	0.797973	-0.602688
46.3	0.733818	-0.679342
46.4	0.662331	-0.749207
46.5	0.584226	-0.811587
46.6	0.500284	-0.865858
46.7	0.411343	-0.911477
46.8	0.318292	-0.947989
46.9	0.222061	-0.975029
47	0.123611	-0.992327
47.1	0.0239266	-0.99971
47.2	-0.0759974	-0.997105
47.3	-0.175162	-0.984536
47.4	-0.272576	-0.962131
47.5	-0.367267	-0.930112
47.6	-0.458289	-0.8888
47.7	-0.544731	-0.838607
47.8	-0.625731	-0.780035
47.9	-0.700478	-0.713669
48	-0.768227	-0.640173
48.1	-0.828299	-0.56028
48.2	-0.880096	-0.474789
48.3	-0.923099	-0.384554
48.4	-0.956878	-0.290477
48.5	-0.981097	-0.193497
48.6	-0.995513	-0.0945846
48.7	-0.999983	0.00527339
48.8	-0.994461	0.105079
48.9	-0.979002	0.203834
49	-0.953762	0.300553
49.1	-0.918992	0.394268
49.2	-0.875039	0.484045
49.3	-0.822344	0.568985
49.4	-0.761432	0.648239
49.5	-0.692912	0.721017
49.6	-0.617469	0.786591
49.7	-0.535856	0.844305
49.8	-0.448889	0.893583
49.9	-0.357437	0.933933
50	-0.262414	0.964952
50.1	-0.164769	0.986329
50.2	-0.065477	0.997851
50.3	0.0344688	0.999402
50.4	0.13407	0.990968
50.5	0.232332	0.972633
50.6	0.328273	0.944579
50.7	0.420933	0.907088
50.8	0.509388	0.860533
50.9	0.592753	0.80538
51	0.670195	0.74218
51.1	0.740941	0.671564
51.2	0.804284	0.594239
51.3	0.859591	0.510976
51.4	0.906309	0.422607
51.5	0.943972	0.330016
51.6	0.972202	0.234127
51.7	0.990719	0.135899
51.8	0.999337	0.0363137
51.9	0.99797	-0.0636349
52	0.986631	-0.162948
52.1	0.965434	-0.260632
52.2	0.934591	-0.355713
52.3	0.89441	-0.447239
52.4	0.845293	-0.534297
52.5	0.787729	-0.616016
52.6	0.722295	-0.69158
52.7	0.649644	-0.760234
52.8	0.570502	-0.821292
52.9	0.485659	-0.874144
53	0.395964	-0.918262
53.1	0.302313	-0.953205
53.2	0.205641	-0.978624
53.3	0.106914	-0.994265
53.4	0.00711937	-0.999971
53.5	-0.0927466	-0.995686
53.6	-0.191686	-0.981453
53.7	-0.28871	-0.957413
53.8	-0.382849	-0.923807
53.9	-0.473163	-0.88097
54	-0.55875	-0.829332
54.1	-0.638753	-0.769407
54.2	-0.712375	-0.701794
54.3	-0.778878	-0.627169
54.4	-0.837599	-0.546278
54.5	-0.887952	-0.459929
54.6	-0.929432	-0.368984
54.7	-0.961625	-0.274352
54.8	-0.984211	-0.176979
54.9	-0.996962	-0.0778379
55	-0.999752	0.022081
55.1	-0.992553	0.121779
55.2	-0.975437	0.220261
55.3	-0.948575	0.316542
55.4	-0.912234	0.40966
55.5	-0.866779	0.498684
55.6	-0.812664	0.582726
55.7	-0.750428	0.660946
55.8	-0.680695	0.732562
55.9	-0.60416	0.796858
56	-0.521589	0.853193
56.1	-0.433806	0.901002
56.2	-0.341689	0.939809
56.3	-0.246157	0.969226
56.4	-0.148166	0.988958
56.5	-0.0486952	0.99881
56.6	0.0512626	0.998681
56.7	0.150708	0.988574
56.8	0.248648	0.96859
56.9	0.344103	0.938928
57	0.43612	0.899884
57.1	0.52378	0.851849
57.2	0.606206	0.795302
57.3	0.682575	0.73081
57.4	0.752125	0.659015
57.5	0.814159	0.580635
57.6	0.868058	0.496455
57.7	0.913284	0.407313
57.8	0.949385	0.314102
57.9	0.976	0.217753
58	0.992863	0.119227
58.1	0.999806	0.019511
58.2	0.996759	-0.0804004
58.3	0.983752	-0.179508
58.4	0.960917	-0.276823
58.5	0.92848	-0.371371
58.6	0.886766	-0.462209
58.7	0.836192	-0.548429
58.8	0.777263	-0.629169
58.9	0.710568	-0.703623
59	0.636773	-0.771046
59.1	0.556616	-0.830765
59.2	0.470897	-0.882183
59.3	0.380473	-0.924787
59.4	0.286248	-0.958151
59.5	0.189162	-0.981942
59.6	0.0901868	-0.995921
59.7	-0.00968982	-0.999949
59.8	-0.10947	-0.993986
59.9	-0.208156	-0.978091
60	-0.304762	-0.952424
60.1	-0.398323	-0.917241
60.2	-0.487904	-0.872892
60.3	-0.572611	-0.819822
60.4	-0.651595	-0.758561
60.5	-0.72407	-0.689721
60.6	-0.78931	-0.613988
60.7	-0.846663	-0.532122
60.8	-0.895557	-0.444938
60.9	-0.935502	-0.353309
61	-0.966101	-0.258149
61.1	-0.987046	-0.160411
61.2	-0.998129	-0.0610693
61.3	-0.99924	0.0388824
61.4	-0.990366	0.138446
61.5	-0.971597	0.236625
61.6	-0.94312	0.332441
61.7	-0.905219	0.424935
61.8	-0.858274	0.513183
61.9	-0.802754	0.596304
62	-0.739212	0.673466
62.1	-0.668285	0.7439
62.2	-0.59068	0.8069
62.3	-0.507174	0.861839
62.4	-0.4186	0.908166
62.5	-0.325843	0.945419
62.6	-0.229831	0.973226
62.7	-0.131522	0.991309
62.8	-0.0318997	0.999487
62.9	0.0680418	0.997678
63	0.167303	0.985901
63.1	0.264893	0.964273
63.2	0.359837	0.933011
63.3	0.451184	0.892426
63.4	0.538024	0.842924
63.5	0.619488	0.785
63.6	0.694763	0.719233
63.7	0.763095	0.646279
63.8	0.823803	0.566868
63.9	0.87628	0.481793
64	0.920001	0.391904
64.1	0.95453	0.2981
64.2	0.979522	0.201317
64.3	0.994726	0.102522
64.4	0.999992	0.00270286
64.5	0.995266	-0.0971432
64.6	0.980596	-0.196019
64.7	0.956128	-0.292935
64.8	0.922106	-0.386925
64.9	0.878871	-0.477049
65	0.826855	-0.562407
65.1	0.766578	-0.642145
65.2	0.69864	-0.715467
65.3	0.623723	-0.78164
65.4	0.542573	-0.840003
65.5	0.456002	-0.889974
65.6	0.364875	-0.931052
65.7	0.270102	-0.962827
65.8	0.17263	-0.984982
65.9	0.0734339	-0.997295
66	-0.0264962	-0.999644
66.1	-0.126162	-0.992005
66.2	-0.224567	-0.974454
66.3	-0.320728	-0.947167
66.4	-0.413684	-0.910415
66.5	-0.502507	-0.864568
66.6	-0.58631	-0.810081
66.7	-0.664254	-0.747501
66.8	-0.735561	-0.677452
66.9	-0.799518	-0.600634
67	-0.855487	-0.517815
67.1	-0.902909	-0.429822
67.2	-0.941308	-0.337534
67.3	-0.970303	-0.241874
67.4	-0.989602	-0.143797
67.5	-0.999014	-0.0442834
67.6	-0.998444	0.0556728
67.7	-0.987898	0.155073
67.8	-0.967482	0.252923
67.9	-0.937398	0.348246
68	-0.897948	0.44009
68.1	-0.849527	0.527537
68.2	-0.792617	0.609712
68.3	-0.727787	0.685796
68.4	-0.655686	0.755027
68.5	-0.577034	0.816715
68.6	-0.492615	0.870242
68.7	-0.403275	0.915073
68.8	-0.309906	0.950762
68.9	-0.21344	0.976951
69	-0.114841	0.993379
69.1	-0.0150951	0.999881
69.2	0.0848018	0.996393
69.3	0.183851	0.982949
69.4	0.281064	0.959684
69.5	0.375468	0.92683
69.6	0.466121	0.884716
69.7	0.552116	0.833761
69.8	0.632595	0.774476
69.9	0.706754	0.707453
70	0.77385	0.633361
70.1	0.833215	0.552941
70.2	0.884254	0.466996
70.3	0.926458	0.376385
70.4	0.959405	0.282013
70.5	0.982767	0.184824
70.6	0.996309	0.0857873
70.7	0.999896	-0.0141061
70.8	0.993492	-0.113858
70.9	0.977162	-0.212473
71	0.951068	-0.308965
71.1	0.915472	-0.40237
71.2	0.870728	-0.491754
71.3	0.817285	-0.576225
71.4	0.755675	-0.654939
71.5	0.686515	-0.727108
71.6	0.610496	-0.792013
71.7	0.528377	-0.849004
71.8	0.440978	-0.897512
71.9	0.349173	-0.937053
72	0.25388	-0.967231
72.1	0.15605	-0.987744
72.2	0.0566603	-0.998388
72.3	-0.0432952	-0.999057
72.4	-0.142818	-0.989744
72.5	-0.240914	-0.970541
72.6	-0.336603	-0.941641
72.7	-0.428928	-0.903333
72.8	-0.516968	-0.855999
72.9	-0.599843	-0.800112
73	-0.676724	-0.73623
73.1	-0.746843	-0.664992
73.2	-0.809501	-0.58711
73.3	-0.86407	-0.503362
73.4	-0.910005	-0.414584
73.5	-0.946848	-0.321664
73.6	-0.974231	-0.22553
73.7	-0.991879	-0.127143
73.8	-0.999617	-0.027485
73.9	-0.997367	0.0724474
74	-0.985152	0.171656
74.1	-0.963093	0.269149
74.2	-0.931412	0.363954
74.3	-0.890424	0.455121
74.4	-0.840539	0.541741
74.5	-0.782256	0.622949
74.6	-0.716157	0.697932
74.7	-0.642902	0.765941
74.8	-0.563224	0.826298
74.9	-0.477918	0.878399
75	-0.387837	0.921722
75.1	-0.293881	0.955837
75.2	-0.196988	0.980401
75.3	-0.0981275	0.995169
75.4	0.00171369	0.999993
75.5	0.101538	0.994826
75.6	0.200347	0.97972
75.7	0.297155	0.954824
75.8	0.390994	0.920388
75.9	0.480926	0.876755
76	0.566053	0.824363
76.1	0.645524	0.763733
76.2	0.718545	0.695473
76.3	0.784386	0.620264
76.4	0.842391	0.538857
76.5	0.891978	0.452067
76.6	0.932653	0.360759
76.7	0.96401	0.265847
76.8	0.985734	0.168278
76.9	0.997609	0.0690286
77	0.999517	-0.030911
77.1	0.991437	-0.130542
77.2	0.973452	-0.228868
77.3	0.94574	-0.324908
77.4	0.908579	-0.417701
77.5	0.862339	-0.50632
77.6	0.807483	-0.589881
77.7	0.74456	-0.667548
77.8	0.674196	-0.738545
77.9	0.597097	-0.802162
78	0.514031	-0.857765
78.1	0.42583	-0.904797
78.2	0.333373	-0.942789
78.3	0.237586	-0.971361
78.4	0.139425	-0.990227
78.5	0.0398707	-0.999199
78.6	-0.0600819	-0.998188
78.7	-0.159434	-0.987203
78.8	-0.257193	-0.966354
78.9	-0.352383	-0.93585
79	-0.444051	-0.895995
79.1	-0.531283	-0.847188
79.2	-0.613207	-0.789916
79.3	-0.689003	-0.724751
79.4	-0.757915	-0.652345
79.5	-0.819255	-0.57342
79.6	-0.872408	-0.488767
79.7	-0.916845	-0.39923
79.8	-0.952121	-0.305703
79.9	-0.977884	-0.209123
80	-0.993876	-0.110453
80.1	-0.999937	-0.0106789
80.2	-0.996008	0.0892015
80.3	-0.982127	0.188191
80.4	-0.958433	0.2853
80.5	-0.925162	0.379558
80.6	-0.882648	0.470024
80.7	-0.831314	0.555793
80.8	-0.771674	0.636009
80.9	-0.704324	0.709871
81	-0.629937	0.776639
81.1	-0.549255	0.835648
81.2	-0.463086	0.886307
81.3	-0.372289	0.928111
81.4	-0.277773	0.960641
81.5	-0.180481	0.983573
81.6	-0.0813862	0.996677
81.7	0.018522	0.999823
81.8	0.118245	0.992979
81.9	0.216787	0.976213
82	0.313162	0.949694
82.1	0.406409	0.913685
82.2	0.495595	0.868547
82.3	0.579829	0.814731
82.4	0.658269	0.752775
82.5	0.730133	0.683297
82.6	0.794701	0.606992
82.7	0.851329	0.524621
82.8	0.89945	0.43701
82.9	0.938585	0.345031
83	0.968342	0.249605
83.1	0.988423	0.151686
83.2	0.998628	0.0522503
83.3	0.998856	-0.0477071
83.4	0.989103	-0.147188
83.5	0.969467	-0.245198
83.6	0.940145	-0.340758
83.7	0.901429	-0.432914
83.8	0.853706	-0.520743
83.9	0.797454	-0.60337
84	0.733233	-0.679968
84.1	0.661687	-0.749773
84.2	0.583529	-0.812085
84.3	0.499541	-0.866284
84.4	0.410561	-0.911827
84.5	0.317479	-0.948259
84.6	0.221225	-0.975217
84.7	0.122761	-0.99243
84.8	0.0230699	-0.999728
84.9	-0.0768516	-0.997037
85	-0.176005	-0.984383
85.1	-0.2734	-0.961894
85.2	-0.368063	-0.929794
85.3	-0.459049	-0.888404
85.4	-0.545448	-0.838138
85.5	-0.626397	-0.779496
85.6	-0.701087	-0.713067
85.7	-0.768773	-0.639513
85.8	-0.828777	-0.559569
85.9	-0.8805	-0.474034
86	-0.923426	-0.383762
86.1	-0.957125	-0.289656
86.2	-0.98126	-0.192656
86.3	-0.995592	-0.0937313
86.4	-0.999975	0.00613021
86.5	-0.994368	0.10593
86.6	-0.978824	0.204672
86.7	-0.953501	0.301369
86.8	-0.918651	0.395055
86.9	-0.874622	0.484793
87	-0.821854	0.569688
87.1	-0.760874	0.64889
87.2	-0.692292	0.721609
87.3	-0.616793	0.787118
87.4	-0.535131	0.844762
87.5	-0.448122	0.893965
87.6	-0.356636	0.934237
87.7	-0.261586	0.965174
87.8	-0.163923	0.986467
87.9	-0.0646218	0.997904
88	0.0353251	0.99937
88.1	0.134919	0.99085
88.2	0.233165	0.972431
88.3	0.329081	0.944295
88.4	0.421709	0.906724
88.5	0.510124	0.860094
88.6	0.593441	0.80487
88.7	0.670829	0.741603
88.8	0.741515	0.670927
88.9	0.804791	0.593548
89	0.860026	0.510237
89.1	0.906669	0.421829
89.2	0.944252	0.329206
89.3	0.9724	0.233294
89.4	0.990833	0.13505
89.5	0.999365	0.0354573
89.6	0.997912	-0.0644898
89.7	0.986489	-0.163793
89.8	0.965208	-0.261459
89.9	0.934284	-0.356512
90	0.894025	-0.448004
90.1	0.844832	-0.535019
90.2	0.787199	-0.616689
90.3	0.7217	-0.692197
90.4	0.64899	-0.760788
90.5	0.569796	-0.821778
90.6	0.484909	-0.874558
90.7	0.395176	-0.918599
90.8	0.301495	-0.953461
90.9	0.204802	-0.978797
91	0.106062	-0.994353
91.1	0.00626252	-0.999974
91.2	-0.0935995	-0.995604
91.3	-0.192526	-0.981285
91.4	-0.289529	-0.957162
91.5	-0.38364	-0.923476
91.6	-0.473917	-0.880562
91.7	-0.559459	-0.828851
91.8	-0.639411	-0.768857
91.9	-0.712974	-0.701182
92	-0.779413	-0.6265
92.1	-0.838065	-0.545559
92.2	-0.888343	-0.459166
92.3	-0.929745	-0.368186
92.4	-0.961858	-0.273527
92.5	-0.984359	-0.176135
92.6	-0.997026	-0.0769834
92.7	-0.99973	0.0229376
92.8	-0.992446	0.122629
92.9	-0.975245	0.221096
93	-0.948301	0.317353
93.1	-0.911881	0.41044
93.2	-0.866349	0.499426
93.3	-0.812162	0.583421
93.4	-0.74986	0.661587
93.5	-0.680065	0.733143
93.6	-0.603475	0.797374
93.7	-0.520856	0.853637
93.8	-0.433033	0.901371
93.9	-0.340882	0.940099
94	-0.245326	0.969434
94.1	-0.147319	0.989082
94.2	-0.0478392	0.998849
94.3	0.0521181	0.998634
94.4	0.151555	0.988442
94.5	0.249477	0.968374
94.6	0.344907	0.93863
94.7	0.43689	0.899508
94.8	0.524508	0.851398
94.9	0.606886	0.794781
95	0.6832	0.730223
95.1	0.752687	0.658368
95.2	0.814654	0.579936
95.3	0.868481	0.495709
95.4	0.91363	0.406529
95.5	0.949651	0.313288
95.6	0.976184	0.216916
95.7	0.992962	0.118376
95.8	0.999819	0.0186543
95.9	0.996687	-0.0812542
96	0.983596	-0.180351
96.1	0.960677	-0.277645
96.2	0.928159	-0.372166
96.3	0.886368	-0.462968
96.4	0.83572	-0.549144
96.5	0.776722	-0.629833
96.6	0.709963	-0.704229
96.7	0.636111	-0.771589
96.8	0.555902	-0.83124
96.9	0.47014	-0.882584
97	0.37968	-0.925111
97.1	0.285426	-0.958394
97.2	0.18832	-0.982101
97.3	0.0893332	-0.995995
97.4	-0.0105466	-0.999938
97.5	-0.110321	-0.993889
97.6	-0.208993	-0.97791
97.7	-0.305577	-0.95216
97.8	-0.399108	-0.916897
97.9	-0.488651	-0.872472
98	-0.573311	-0.819329
98.1	-0.652244	-0.758001
98.2	-0.724659	-0.689098
98.3	-0.789833	-0.61331
98.4	-0.847116	-0.531395
98.5	-0.895935	-0.444169
98.6	-0.935802	-0.352506
98.7	-0.966319	-0.257321
98.8	-0.987181	-0.159565
98.9	-0.998179	-0.0602139
99	-0.999203	0.0397385
99.1	-0.990244	0.139294
99.2	-0.971391	0.237457
99.3	-0.942832	0.333248
99.4	-0.904852	0.425709
99.5	-0.857832	0.513917
99.6	-0.80224	0.59699
99.7	-0.738633	0.674098
99.8	-0.667645	0.74447
99.9	-0.589987	0.807404
100	-0.506434	0.862271
100.1	-0.41782	0.908522
100.2	-0.325032	0.945696
100.3	-0.228996	0.97342
100.4	-0.130673	0.991419
100.5	-0.0310432	0.999511
100.6	0.0688964	0.997617
100.7	0.168148	0.985755
100.8	0.265719	0.964043
100.9	0.360635	0.9327
101	0.451948	0.892037
101.1	0.538745	0.842461
101.2	0.620159	0.784467
101.3	0.695377	0.718635
101.4	0.763647	0.645624
101.5	0.824286	0.566161
101.6	0.87669	0.481041
101.7	0.920334	0.391115
101.8	0.954783	0.297281
101.9	0.979691	0.200477
102	0.994811	0.101669
102.1	0.999991	0.00184601
102.2	0.99518	-0.0979957
102.3	0.980425	-0.196858
102.4	0.955874	-0.293754
102.5	0.921772	-0.387714
102.6	0.87846	-0.477801
102.7	0.826371	-0.563114
102.8	0.766025	-0.6428
102.9	0.698025	-0.716063
103	0.623051	-0.782172
103.1	0.541852	-0.840466
103.2	0.455238	-0.890362
103.3	0.364076	-0.931362
103.4	0.269276	-0.963056
103.5	0.171786	-0.985127
103.6	0.0725792	-0.997355
103.7	-0.0273527	-0.999619
103.8	-0.127011	-0.991894
103.9	-0.225401	-0.974259
104	-0.321538	-0.946889
104.1	-0.414463	-0.910058
104.2	-0.503247	-0.864134
104.3	-0.587002	-0.809577
104.4	-0.664892	-0.74693
104.5	-0.736139	-0.67682
104.6	-0.80003	-0.599947
104.7	-0.855928	-0.51708
104.8	-0.903274	-0.429047
104.9	-0.941595	-0.336727
105	-0.970507	-0.241042
105.1	-0.989723	-0.142949
105.2	-0.999049	-0.0434273
105.3	-0.998394	0.0565281
105.4	-0.987762	0.155919
105.5	-0.967262	0.253751
105.6	-0.937097	0.349049
105.7	-0.897569	0.440858
105.8	-0.849072	0.528263
105.9	-0.792092	0.61039
106	-0.727198	0.686418
106.1	-0.655037	0.755587
106.2	-0.576332	0.817207
106.3	-0.491868	0.870661
106.4	-0.40249	0.915416
106.5	-0.30909	0.951025
106.6	-0.212602	0.977131
106.7	-0.11399	0.993474
106.8	-0.0142383	0.999891
106.9	0.0856553	0.996317
107	0.184693	0.982789
107.1	0.281885	0.95944
107.2	0.376261	0.926506
107.3	0.466878	0.884313
107.4	0.552829	0.833286
107.5	0.633257	0.773932
107.6	0.707358	0.706845
107.7	0.77439	0.632696
107.8	0.833686	0.552225
107.9	0.884651	0.466237
108	0.926778	0.37559
108.1	0.959644	0.28119
108.2	0.982922	0.183981
108.3	0.996379	0.0849334
108.4	0.999881	-0.0149628
108.5	0.993392	-0.114709
108.6	0.976977	-0.21331
108.7	0.950801	-0.309779
108.8	0.915124	-0.403153
108.9	0.870304	-0.492499
109	0.816789	-0.576924
109.1	0.755112	-0.655584
109.2	0.68589	-0.727695
109.3	0.609816	-0.792534
109.4	0.527648	-0.849454
109.5	0.440208	-0.897887
109.6	0.348369	-0.937349
109.7	0.25305	-0.967445
109.8	0.155203	-0.987875
109.9	0.0558047	-0.998434
110	-0.0441511	-0.999017
110.1	-0.143666	-0.989619
110.2	-0.241745	-0.970332
110.3	-0.337409	-0.94135
110.4	-0.429701	-0.902963
110.5	-0.5177	-0.855553
110.6	-0.600527	-0.799595
110.7	-0.677353	-0.735648
110.8	-0.747411	-0.66435
110.9	-0.810001	-0.586415
111	-0.864498	-0.50262
111.1	-0.910358	-0.413803
111.2	-0.947121	-0.320852
111.3	-0.974421	-0.224695
111.4	-0.991985	-0.126293
111.5	-0.999638	-0.0266284
111.6	-0.997302	0.0733018
111.7	-0.985002	0.1725
111.8	-0.96286	0.269974
111.9	-0.931097	0.364751
112	-0.890031	0.455883
112.1	-0.840072	0.54246
112.2	-0.78172	0.623617
112.3	-0.715557	0.698543
112.4	-0.642244	0.76649
112.5	-0.562514	0.826778
112.6	-0.477164	0.878805
112.7	-0.387046	0.922052
112.8	-0.293061	0.956086
112.9	-0.196148	0.980566
113	-0.0972745	0.99525
113.1	0.00257053	0.999989
113.2	0.10239	0.994736
113.3	0.201186	0.979545
113.4	0.297972	0.954566
113.5	0.391781	0.92005
113.6	0.481676	0.876341
113.7	0.566757	0.823875
113.8	0.646176	0.763178
113.9	0.719139	0.694855
114	0.784916	0.61959
114.1	0.84285	0.538134
114.2	0.892363	0.451301
114.3	0.93296	0.359959
114.4	0.964235	0.26502
114.5	0.985875	0.167433
114.6	0.997666	0.0681736
114.7	0.999487	-0.0317673
114.8	0.991323	-0.131391
114.9	0.973253	-0.229701
115	0.945459	-0.325717
115.1	0.908218	-0.418478
115.2	0.861903	-0.507058
115.3	0.806976	-0.590571
115.4	0.743985	-0.668184
115.5	0.673562	-0.73912
115.6	0.596408	-0.802672
115.7	0.513295	-0.858203
115.8	0.425053	-0.90516
115.9	0.332565	-0.943072
116	0.236753	-0.971562
116.1	0.138576	-0.990344
116.2	0.0390145	-0.999231
116.3	-0.060937	-0.998134
116.4	-0.16028	-0.987063
116.5	-0.258021	-0.966131
116.6	-0.353184	-0.935545
116.7	-0.444818	-0.895612
116.8	-0.532008	-0.84673
116.9	-0.613882	-0.789388
117	-0.689622	-0.724158
117.1	-0.758472	-0.651693
117.2	-0.819743	-0.572717
117.3	-0.872824	-0.488018
117.4	-0.917184	-0.398443
117.5	-0.95238	-0.304887
117.6	-0.97806	-0.208284
117.7	-0.993967	-0.109601
117.8	-0.999944	-0.00982209
117.9	-0.995929	0.0900547
118	-0.981963	0.189032
118.1	-0.958185	0.28612
118.2	-0.924834	0.380349
118.3	-0.882242	0.470778
118.4	-0.830835	0.556504
118.5	-0.771127	0.636669
118.6	-0.703714	0.710472
118.7	-0.629269	0.777177
118.8	-0.548537	0.836116
118.9	-0.462325	0.886701
119	-0.371493	0.928427
119.1	-0.276949	0.960876
119.2	-0.179638	0.983724
119.3	-0.0805319	0.996744
119.4	0.0193786	0.999804
119.5	0.119096	0.992874
119.6	0.217623	0.976024
119.7	0.313975	0.949422
119.8	0.407191	0.913334
119.9	0.496338	0.86812
120	0.580525	0.814232
120.1	0.658913	0.752209
120.2	0.730716	0.682669
120.3	0.795219	0.606309
120.4	0.851776	0.52389
120.5	0.899822	0.436238
120.6	0.938878	0.344226
120.7	0.968553	0.248775
120.8	0.98855	0.150838
120.9	0.99867	0.0513945
121	0.998812	-0.0485628
121.1	0.988974	-0.148035
121.2	0.969254	-0.246028
121.3	0.93985	-0.341563
121.4	0.901055	-0.433685
121.5	0.853258	-0.521473
121.6	0.796935	-0.604052
121.7	0.732649	-0.680595
121.8	0.661042	-0.750337
121.9	0.582831	-0.812583
122	0.498797	-0.866709
122.1	0.409778	-0.912176
122.2	0.316666	-0.948528
122.3	0.220389	-0.975403
122.4	0.12191	-0.992533
122.5	0.0222132	-0.999745
122.6	-0.0777056	-0.996968
122.7	-0.176848	-0.98423
122.8	-0.274223	-0.961657
122.9	-0.368859	-0.929476
123	-0.459809	-0.888008
123.1	-0.546165	-0.837668
123.2	-0.627063	-0.778957
123.3	-0.701696	-0.712464
123.4	-0.769319	-0.638852
123.5	-0.829254	-0.558857
123.6	-0.880904	-0.473278
123.7	-0.923752	-0.38297
123.8	-0.95737	-0.288835
123.9	-0.981422	-0.191815
124	-0.995669	-0.0928779
124.1	-0.999967	0.00698702
124.2	-0.994274	0.106782
124.3	-0.978646	0.20551
124.4	-0.95324	0.302185
124.5	-0.91831	0.395841
124.6	-0.874204	0.485541
124.7	-0.821363	0.57039
124.8	-0.760316	0.64954
124.9	-0.691672	0.7222
125	-0.616117	0.787644
125.1	-0.534406	0.845218
125.2	-0.447355	0.894347
125.3	-0.355835	0.93454
125.4	-0.260759	0.965395
125.5	-0.163077	0.986604
125.6	-0.0637666	0.997956
125.7	0.0361813	0.999337
125.8	0.135768	0.990732
125.9	0.233997	0.972228
126	0.329889	0.94401
126.1	0.422485	0.90636
126.2	0.510859	0.859654
126.3	0.594129	0.804359
126.4	0.671463	0.741026
126.5	0.742087	0.67029
126.6	0.805297	0.592856
126.7	0.860461	0.509499
126.8	0.907027	0.421051
126.9	0.944531	0.328396
127	0.972597	0.23246
127.1	0.990945	0.134201
127.2	0.999392	0.0346009
127.3	0.997854	-0.0653447
127.4	0.986345	-0.164637
127.5	0.964981	-0.262285
127.6	0.933976	-0.357312
127.7	0.893638	-0.448769
127.8	0.844371	-0.535742
127.9	0.786668	-0.617362
128	0.721105	-0.692813
128.1	0.648337	-0.761342
128.2	0.56909	-0.822264
128.3	0.484158	-0.874971
128.4	0.394388	-0.918934
128.5	0.300677	-0.953717
128.6	0.203962	-0.97897
128.7	0.10521	-0.994441
128.8	0.00540567	-0.999976
128.9	-0.0944523	-0.99552
129	-0.193367	-0.981117
129.1	-0.290349	-0.956912
129.2	-0.38443	-0.923144
129.3	-0.47467	-0.880154
129.4	-0.560167	-0.828369
129.5	-0.640068	-0.768307
129.6	-0.713573	-0.700569
129.7	-0.779948	-0.62583
129.8	-0.83853	-0.544839
129.9	-0.888734	-0.458404
130	-0.930058	-0.367388
130.1	-0.962089	-0.272702
130.2	-0.984507	-0.175291
130.3	-0.997089	-0.0761289
130.4	-0.999708	0.0237941
130.5	-0.992338	0.123479
130.6	-0.975053	0.221931
130.7	-0.948026	0.318165
130.8	-0.911526	0.41122
130.9	-0.865919	0.500166
131	-0.81166	0.584115
131.1	-0.74929	0.662228
131.2	-0.679435	0.733724
131.3	-0.60279	0.797888
131.4	-0.520123	0.854081
131.5	-0.432259	0.901739
131.6	-0.340076	0.940388
131.7	-0.244495	0.969641
131.8	-0.146471	0.989206
131.9	-0.0469832	0.998887
132	0.0529736	0.998587
132.1	0.152401	0.988309
132.2	0.250306	0.968157
132.3	0.34571	0.938332
132.4	0.43766	0.899131
132.5	0.525236	0.850946
132.6	0.607565	0.794258
132.7	0.683823	0.729635
132.8	0.753249	0.657722
132.9	0.815148	0.579236
133	0.868903	0.494964
133.1	0.913976	0.405745
133.2	0.949917	0.312473
133.3	0.976366	0.216079
133.4	0.993061	0.117525
133.5	0.999832	0.0177975
133.6	0.996614	-0.082108
133.7	0.983438	-0.181193
133.8	0.960436	-0.278468
133.9	0.927837	-0.37296
134	0.885968	-0.463726
134.1	0.835247	-0.549858
134.2	0.77618	-0.630497
134.3	0.709357	-0.704836
134.4	0.635448	-0.772132
134.5	0.555188	-0.831713
134.6	0.469382	-0.882985
134.7	0.378886	-0.925433
134.8	0.284604	-0.958635
134.9	0.187478	-0.982259
135	0.0884795	-0.996069
135.1	-0.0114034	-0.999926
135.2	-0.111172	-0.993792
135.3	-0.20983	-0.977728
135.4	-0.306392	-0.951896
135.5	-0.399892	-0.916552
135.6	-0.489397	-0.87205
135.7	-0.574012	-0.818836
135.8	-0.652891	-0.757439
135.9	-0.725247	-0.688475
136	-0.790357	-0.612632
136.1	-0.847569	-0.530667
136.2	-0.896313	-0.4434
136.3	-0.936101	-0.351703
136.4	-0.966537	-0.256492
136.5	-0.987314	-0.158718
136.6	-0.998227	-0.0593584
136.7	-0.999166	0.0405945
136.8	-0.990122	0.140142
136.9	-0.971185	0.238289
137	-0.942544	0.334055
137.1	-0.904485	0.426483
137.2	-0.857389	0.51465
137.3	-0.801726	0.597675
137.4	-0.738053	0.674728
137.5	-0.667006	0.74504
137.6	-0.589293	0.807907
137.7	-0.505693	0.862702
137.8	-0.417041	0.908877
137.9	-0.324221	0.945971
138	-0.228162	0.973613
138.1	-0.129823	0.991528
138.2	-0.0301866	0.999535
138.3	0.069751	0.997555
138.4	0.168992	0.985608
138.5	0.266544	0.963813
138.6	0.361433	0.932388
138.7	0.452711	0.891647
138.8	0.539465	0.841996
138.9	0.620829	0.783933
139	0.695991	0.718038
139.1	0.764198	0.644967
139.2	0.824769	0.565453
139.3	0.8771	0.480288
139.4	0.920667	0.390325
139.5	0.955035	0.296462
139.6	0.97986	0.199637
139.7	0.994895	0.100817
139.8	0.99999	0.000989159
139.9	0.995093	-0.0988481
140	0.980253	-0.197698
140.1	0.955619	-0.294572
140.2	0.921437	-0.388503
140.3	0.878048	-0.478552
140.4	0.825886	-0.56382
140.5	0.765472	-0.643454
140.6	0.69741	-0.716659
140.7	0.622379	-0.782704
140.8	0.54113	-0.840927
140.9	0.454474	-0.890749
141	0.363277	-0.931671
141.1	0.26845	-0.963283
141.2	0.170941	-0.985271
141.3	0.0717244	-0.997415
141.4	-0.0282092	-0.999592
141.5	-0.127861	-0.991782
141.6	-0.226235	-0.974063
141.7	-0.322349	-0.946611
141.8	-0.415242	-0.9097
141.9	-0.503986	-0.863701
142	-0.587694	-0.809071
142.1	-0.66553	-0.746358
142.2	-0.736717	-0.676187
142.3	-0.800542	-0.59926
142.4	-0.856369	-0.516345
142.5	-0.903639	-0.428272
142.6	-0.94188	-0.335919
142.7	-0.970711	-0.24021
142.8	-0.989842	-0.1421
142.9	-0.999084	-0.0425711
143	-0.998342	0.0573834
143.1	-0.987626	0.156765
143.2	-0.967042	0.254579
143.3	-0.936795	0.349851
143.4	-0.897188	0.441626
143.5	-0.848617	0.528989
143.6	-0.791567	0.611067
143.7	-0.726607	0.687039
143.8	-0.654388	0.756146
143.9	-0.57563	0.817698
144	-0.491121	0.87108
144.1	-0.401704	0.915758
144.2	-0.308274	0.951287
144.3	-0.211764	0.977311
144.4	-0.113138	0.993569
144.5	-0.0133815	0.9999
144.6	0.0865087	0.996241
144.7	0.185535	0.982628
144.8	0.282707	0.959196
144.9	0.377054	0.92618
145	0.467634	0.883911
145.1	0.553542	0.832809
145.2	0.633918	0.773387
145.3	0.707961	0.706237
145.4	0.77493	0.632031
145.5	0.834157	0.551509
145.6	0.885048	0.465477
145.7	0.927097	0.374795
145.8	0.959882	0.280367
145.9	0.983077	0.183138
146	0.996449	0.0840794
146.1	0.999865	-0.0158195
146.2	0.99329	-0.11556
146.3	0.976791	-0.214146
146.4	0.950532	-0.310593
146.5	0.914776	-0.403936
146.6	0.86988	-0.493243
146.7	0.816292	-0.577622
146.8	0.754548	-0.656229
146.9	0.685265	-0.72828
147	0.609135	-0.793054
147.1	0.526918	-0.849904
147.2	0.439437	-0.898262
147.3	0.347565	-0.937645
147.4	0.252221	-0.967659
147.5	0.154356	-0.988005
147.6	0.054949	-0.998479
147.7	-0.045007	-0.998976
147.8	-0.144513	-0.989493
147.9	-0.242576	-0.970122
148	-0.338214	-0.941058
148.1	-0.430474	-0.902592
148.2	-0.518432	-0.855107
148.3	-0.60121	-0.799078
148.4	-0.677981	-0.735065
148.5	-0.747978	-0.663708
148.6	-0.810501	-0.585719
148.7	-0.864927	-0.501878
148.8	-0.91071	-0.413022
148.9	-0.947393	-0.32004
149	-0.974611	-0.223859
149.1	-0.992091	-0.125442
149.2	-0.999658	-0.0257718
149.3	-0.997236	0.0741561
149.4	-0.984851	0.173343
149.5	-0.962625	0.270798
149.6	-0.930782	0.365547
149.7	-0.889638	0.456644
149.8	-0.839605	0.543178
149.9	-0.781183	0.624285
150	-0.714956	0.699154
150.1	-0.641585	0.767038
150.2	-0.561804	0.827258
150.3	-0.47641	0.879212
150.4	-0.386255	0.922381
150.5	-0.292241	0.956334
150.6	-0.195307	0.980732
150.7	-0.0964215	0.99533
150.8	0.00342737	0.999984
150.9	0.103242	0.994646
151	0.202025	0.97937
151.1	0.298789	0.954308
151.2	0.392568	0.919711
151.3	0.482425	0.875925
151.4	0.567462	0.823387
151.5	0.646828	0.762622
151.6	0.719732	0.694237
151.7	0.785444	0.618916
151.8	0.843309	0.53741
151.9	0.892747	0.450535
152	0.933265	0.359158
152.1	0.964459	0.264193
152.2	0.986016	0.166588
152.3	0.997721	0.0673185
152.4	0.999457	-0.0326236
152.5	0.991207	-0.13224
152.6	0.973053	-0.230535
152.7	0.945177	-0.326526
152.8	0.907857	-0.419255
152.9	0.861466	-0.507795
153	0.806467	-0.591261
153.1	0.743411	-0.668819
153.2	0.672926	-0.739695
153.3	0.595718	-0.80318
153.4	0.512558	-0.85864
153.5	0.424276	-0.905521
153.6	0.331755	-0.943354
153.7	0.23592	-0.971762
153.8	0.137727	-0.990459
153.9	0.0381581	-0.999261
154	-0.061792	-0.998078
154.1	-0.161125	-0.986923
154.2	-0.258848	-0.965907
154.3	-0.353984	-0.93524
154.4	-0.445584	-0.895228
154.5	-0.532732	-0.846272
154.6	-0.614556	-0.788859
154.7	-0.69024	-0.723565
154.8	-0.759028	-0.651041
154.9	-0.820232	-0.572013
155	-0.87324	-0.487269
155.1	-0.917523	-0.397656
155.2	-0.952638	-0.30407
155.3	-0.978236	-0.207446
155.4	-0.994058	-0.108749
155.5	-0.999949	-0.00896526
155.6	-0.995848	0.0909078
155.7	-0.981798	0.189872
155.8	-0.957937	0.28694
155.9	-0.924505	0.381141
156	-0.881836	0.471533
156.1	-0.830356	0.557214
156.2	-0.770579	0.637327
156.3	-0.703103	0.711073
156.4	-0.628602	0.777714
156.5	-0.547819	0.836584
156.6	-0.461564	0.887095
156.7	-0.370696	0.928742
156.8	-0.276125	0.96111
156.9	-0.178794	0.983875
157	-0.0796776	0.99681
157.1	0.0202353	0.999784
157.2	0.119946	0.992769
157.3	0.218458	0.975835
157.4	0.314788	0.949151
157.5	0.407972	0.912982
157.6	0.49708	0.867692
157.7	0.581221	0.813732
157.8	0.659555	0.751642
157.9	0.731299	0.682041
158	0.795736	0.605626
158.1	0.852222	0.523159
158.2	0.900193	0.435465
158.3	0.93917	0.34342
158.4	0.968763	0.247944
158.5	0.988676	0.149991
158.6	0.998711	0.0505386
158.7	0.998767	-0.0494185
158.8	0.988844	-0.148882
158.9	0.96904	-0.246858
159	0.939555	-0.342367
159.1	0.900681	-0.434455
159.2	0.852808	-0.522203
159.3	0.796415	-0.604733
159.4	0.732063	-0.68122
159.5	0.660398	-0.750901
159.6	0.582133	-0.81308
159.7	0.498053	-0.867134
159.8	0.408996	-0.912524
159.9	0.315852	-0.948797
160	0.219552	-0.975589
160.1	0.121059	-0.992634
160.2	0.0213565	-0.999761
160.3	-0.0785597	-0.996898
160.4	-0.177691	-0.984075
160.5	-0.275047	-0.961419
160.6	-0.369654	-0.929157
160.7	-0.460568	-0.887612
160.8	-0.546881	-0.837197
160.9	-0.627729	-0.778418
161	-0.702305	-0.711861
161.1	-0.769864	-0.638191
161.2	-0.82973	-0.558145
161.3	-0.881306	-0.472521
161.4	-0.924077	-0.382177
161.5	-0.957614	-0.288014
161.6	-0.981584	-0.190973
161.7	-0.995745	-0.0920245
161.8	-0.999958	0.00784382
161.9	-0.994179	0.107634
162	-0.978467	0.206348
162.1	-0.952978	0.303001
162.2	-0.917968	0.396626
162.3	-0.873785	0.486289
162.4	-0.820872	0.571092
162.5	-0.759757	0.650189
162.6	-0.691051	0.72279
162.7	-0.61544	0.788169
162.8	-0.53368	0.845673
162.9	-0.446587	0.894727
163	-0.355033	0.934842
163.1	-0.259931	0.965616
163.2	-0.162231	0.986741
163.3	-0.0629113	0.998008
163.4	0.0370374	0.999303
163.5	0.136616	0.990613
163.6	0.23483	0.972025
163.7	0.330697	0.943725
163.8	0.42326	0.905996
163.9	0.511594	0.859214
164	0.594817	0.803847
164.1	0.672096	0.740449
164.2	0.74266	0.669652
164.3	0.805803	0.592165
164.4	0.860895	0.50876
164.5	0.907385	0.420273
164.6	0.944809	0.327586
164.7	0.972793	0.231626
164.8	0.991057	0.133351
164.9	0.999419	0.0337444
165	0.997795	-0.0661995
165.1	0.986201	-0.165482
165.2	0.964754	-0.263111
165.3	0.933667	-0.358111
165.4	0.893251	-0.449533
165.5	0.84391	-0.536464
165.6	0.786137	-0.618034
165.7	0.720509	-0.693429
165.8	0.647682	-0.761895
165.9	0.568384	-0.822749
166	0.483407	-0.875383
166.1	0.393599	-0.91927
166.2	0.299859	-0.953971
166.3	0.203123	-0.979141
166.4	0.104357	-0.994528
166.5	0.00454883	-0.999978
166.6	-0.095305	-0.995437
166.7	-0.194207	-0.980949
166.8	-0.291168	-0.95666
166.9	-0.38522	-0.922812
167	-0.475423	-0.879744
167.1	-0.560875	-0.827886
167.2	-0.640724	-0.767756
167.3	-0.714171	-0.699955
167.4	-0.780482	-0.62516
167.5	-0.838994	-0.544119
167.6	-0.889124	-0.457641
167.7	-0.93037	-0.36659
167.8	-0.96232	-0.271877
167.9	-0.984655	-0.174447
168	-0.997151	-0.0752743
168.1	-0.999684	0.0246507
168.2	-0.992229	0.124329
168.3	-0.97486	0.222766
168.4	-0.94775	0.318976
168.5	-0.911171	0.412
168.6	-0.865488	0.500907
168.7	-0.811157	0.584809
168.8	-0.748721	0.662868
168.9	-0.678804	0.734304
169	-0.602105	0.798402
169.1	-0.51939	0.854524
169.2	-0.431485	0.902107
169.3	-0.339269	0.940677
169.4	-0.243663	0.969848
169.5	-0.145623	0.989328
169.6	-0.0461272	0.998924
169.7	0.0538291	0.998538
169.8	0.153248	0.988176
169.9	0.251135	0.96794
170	0.346513	0.938033
170.1	0.438429	0.898753
170.2	0.525964	0.850493
170.3	0.608244	0.793735
170.4	0.684446	0.729047
170.5	0.75381	0.657074
170.6	0.815642	0.578536
170.7	0.869325	0.494218
170.8	0.914321	0.404961
170.9	0.950182	0.311658
171	0.976549	0.215241
171.1	0.993158	0.116674
171.2	0.999845	0.0169408
171.3	0.996541	-0.0829617
171.4	0.98328	-0.182035
171.5	0.960194	-0.27929
171.6	0.927515	-0.373754
171.7	0.885568	-0.464484
171.8	0.834773	-0.550572
171.9	0.775637	-0.63116
172	0.708751	-0.705441
172.1	0.634784	-0.772674
172.2	0.554474	-0.832187
172.3	0.468624	-0.883384
172.4	0.378092	-0.925755
172.5	0.283782	-0.958876
172.6	0.186636	-0.982417
172.7	0.0876258	-0.996141
172.8	-0.0122601	-0.999913
172.9	-0.112023	-0.993693
173	-0.210668	-0.977545
173.1	-0.307207	-0.95163
173.2	-0.400676	-0.916207
173.3	-0.490143	-0.871628
173.4	-0.574712	-0.818341
173.5	-0.653538	-0.756878
173.6	-0.725835	-0.687852
173.7	-0.790879	-0.611953
173.8	-0.848021	-0.529939
173.9	-0.89669	-0.442631
174	-0.9364	-0.3509
174.1	-0.966753	-0.255663
174.2	-0.987447	-0.157872
174.3	-0.998275	-0.0585029
174.4	-0.999128	0.0414505
174.5	-0.989999	0.14099
174.6	-0.970977	0.23912
174.7	-0.942254	0.334862
174.8	-0.904117	0.427257
174.9	-0.856945	0.515384
175	-0.801212	0.598361
175.1	-0.737473	0.675359
175.2	-0.666365	0.745609
175.3	-0.588599	0.80841
175.4	-0.504953	0.863133
175.5	-0.416261	0.909232
175.6	-0.323409	0.946246
175.7	-0.227327	0.973806
175.8	-0.128973	0.991636
175.9	-0.0293301	0.999558
176	0.0706056	0.997492
176.1	0.169836	0.98546
176.2	0.267369	0.963582
176.3	0.362231	0.932075
176.4	0.453473	0.891256
176.5	0.540185	0.841532
176.6	0.621499	0.783399
176.7	0.696604	0.717439
176.8	0.764748	0.644311
176.9	0.825251	0.564744
177	0.877509	0.479535
177.1	0.920998	0.389535
177.2	0.955286	0.295643
177.3	0.980028	0.198796
177.4	0.994979	0.0999638
177.5	0.999988	0.000132315
177.6	0.995005	-0.0997004
177.7	0.980081	-0.198537
177.8	0.955364	-0.29539
177.9	0.921101	-0.389291
178	0.877635	-0.479303
178.1	0.8254	-0.564526
178.2	0.764918	-0.644108
178.3	0.696793	-0.717255
178.4	0.621707	-0.783234
178.5	0.540408	-0.841389
178.6	0.453709	-0.891136
178.7	0.362478	-0.931979
178.8	0.267624	-0.963511
178.9	0.170097	-0.985415
179	0.0708695	-0.997473
179.1	-0.0290656	-0.999565
179.2	-0.12871	-0.99167
179.3	-0.227069	-0.973866
179.4	-0.323159	-0.946332
179.5	-0.41602	-0.909342
179.6	-0.504724	-0.863266
179.7	-0.588385	-0.808565
179.8	-0.666168	-0.745785
179.9	-0.737294	-0.675554
180	-0.801053	-0.598572
180.1	-0.856809	-0.51561
180.2	-0.904003	-0.427496
180.3	-0.942165	-0.335111
180.4	-0.970914	-0.239377
180.5	-0.989961	-0.141252
180.6	-0.999117	-0.0417149
180.7	-0.99829	0.0582387
180.8	-0.987489	0.15761
180.9	-0.966821	0.255407
181	-0.936492	0.350652
181.1	-0.896807	0.442394
181.2	-0.848161	0.529715
181.3	-0.791041	0.611743
181.4	-0.726016	0.687659
181.5	-0.653738	0.756704
181.6	-0.574928	0.818189
181.7	-0.490373	0.871498
181.8	-0.400919	0.9161
181.9	-0.307458	0.951548
182	-0.210926	0.977489
182.1	-0.112286	0.993663
182.2	-0.0125247	0.999909
182.3	0.0873621	0.996164
182.4	0.186376	0.982466
182.5	0.283528	0.958951
182.6	0.377847	0.925855
182.7	0.46839	0.883507
182.8	0.554254	0.832333
182.9	0.634579	0.772842
183	0.708564	0.705628
183.1	0.77547	0.631365
183.2	0.834627	0.550793
183.3	0.885445	0.464718
183.4	0.927415	0.373999
183.5	0.96012	0.279544
183.6	0.983231	0.182295
183.7	0.996518	0.0832253
183.8	0.999848	-0.0166762
183.9	0.993188	-0.116411
184	0.976605	-0.214983
184.1	0.950263	-0.311406
184.2	0.914427	-0.404719
184.3	0.869455	-0.493987
184.4	0.815795	-0.57832
184.5	0.753983	-0.656874
184.6	0.684639	-0.728865
184.7	0.608453	-0.793574
184.8	0.526188	-0.850353
184.9	0.438666	-0.898636
185	0.346761	-0.93794
185.1	0.251391	-0.967872
185.2	0.153509	-0.988134
185.3	0.0540933	-0.998523
185.4	-0.0458628	-0.998935
185.5	-0.145361	-0.989366
185.6	-0.243406	-0.969911
185.7	-0.33902	-0.940766
185.8	-0.431246	-0.90222
185.9	-0.519163	-0.85466
186	-0.601893	-0.798561
186.1	-0.678609	-0.734482
186.2	-0.748544	-0.663065
186.3	-0.811001	-0.585023
186.4	-0.865354	-0.501135
186.5	-0.911061	-0.412241
186.6	-0.947665	-0.319227
186.7	-0.9748	-0.223023
186.8	-0.992195	-0.124592
186.9	-0.999677	-0.0249152
187	-0.99717	0.0750103
187.1	-0.9847	0.174186
187.2	-0.962391	0.271622
187.3	-0.930466	0.366344
187.4	-0.889244	0.457405
187.5	-0.839137	0.543896
187.6	-0.780646	0.624953
187.7	-0.714355	0.699765
187.8	-0.640926	0.767586
187.9	-0.561094	0.827737
188	-0.475655	0.879617
188.1	-0.385463	0.922709
188.2	-0.291421	0.956581
188.3	-0.194466	0.980896
188.4	-0.0955683	0.99541
188.5	0.00428419	0.999978
188.6	0.104094	0.994554
188.7	0.202864	0.979194
188.8	0.299606	0.954049
188.9	0.393355	0.919372
189	0.483174	0.875509
189.1	0.568165	0.822898
189.2	0.64748	0.762066
189.3	0.720324	0.693618
189.4	0.785972	0.618241
189.5	0.843767	0.536686
189.6	0.89313	0.449769
189.7	0.93357	0.358358
189.8	0.964682	0.263366
189.9	0.986156	0.165743
190	0.997776	0.0664634
190.1	0.999426	-0.0334799
190.2	0.991091	-0.133089
190.3	0.972853	-0.231368
190.4	0.944894	-0.327335
190.5	0.907495	-0.420032
190.6	0.861028	-0.508531
190.7	0.805958	-0.59195
190.8	0.742835	-0.669454
190.9	0.67229	-0.74027
191	0.595028	-0.803688
191.1	0.511821	-0.859077
191.2	0.423499	-0.905882
191.3	0.330946	-0.943636
191.4	0.235087	-0.971961
191.5	0.136878	-0.990575
191.6	0.0373018	-0.999291
191.7	-0.0626471	-0.998022
191.8	-0.16197	-0.986782
191.9	-0.259675	-0.965682
192	-0.354785	-0.934934
192.1	-0.44635	-0.894844
192.2	-0.533455	-0.845813
192.3	-0.61523	-0.788331
192.4	-0.690858	-0.722972
192.5	-0.759584	-0.650389
192.6	-0.820719	-0.571308
192.7	-0.873655	-0.486519
192.8	-0.917861	-0.396868
192.9	-0.952896	-0.303253
193	-0.97841	-0.206607
193.1	-0.994149	-0.107897
193.2	-0.999954	-0.00810842
193.3	-0.995768	0.0917608
193.4	-0.981632	0.190713
193.5	-0.957689	0.28776
193.6	-0.924176	0.381932
193.7	-0.88143	0.472287
193.8	-0.829876	0.557924
193.9	-0.770031	0.637986
194	-0.702492	0.711673
194.1	-0.627933	0.77825
194.2	-0.547101	0.837051
194.3	-0.460802	0.887488
194.4	-0.369899	0.929057
194.5	-0.2753	0.961344
194.6	-0.177951	0.984026
194.7	-0.0788233	0.996875
194.8	0.0210919	0.999764
194.9	0.120796	0.992664
195	0.219294	0.975645
195.1	0.3156	0.948878
195.2	0.408753	0.91263
195.3	0.497822	0.867264
195.4	0.581917	0.813232
195.5	0.660197	0.751074
195.6	0.731881	0.681412
195.7	0.796252	0.604942
195.8	0.852668	0.522427
195.9	0.900564	0.434693
196	0.939462	0.342615
196.1	0.968973	0.247113
196.2	0.988802	0.149143
196.3	0.998751	0.0496827
196.4	0.998722	-0.0502742
196.5	0.988713	-0.149729
196.6	0.968826	-0.247687
196.7	0.939258	-0.343171
196.8	0.900306	-0.435226
196.9	0.852358	-0.522932
197	0.795894	-0.605413
197.1	0.731477	-0.681846
197.2	0.659752	-0.751465
197.3	0.581435	-0.813576
197.4	0.497308	-0.867558
197.5	0.408212	-0.912872
197.6	0.315038	-0.949065
197.7	0.218716	-0.975775
197.8	0.120208	-0.992735
197.9	0.0204998	-0.999776
198	-0.0794136	-0.996828
198.1	-0.178534	-0.98392
198.2	-0.27587	-0.961181
198.3	-0.370449	-0.928838
198.4	-0.461328	-0.887214
198.5	-0.547596	-0.836726
198.6	-0.628394	-0.777878
198.7	-0.702913	-0.711257
198.8	-0.770408	-0.637529
198.9	-0.830206	-0.557432
199	-0.881709	-0.471765
199.1	-0.924402	-0.381384
199.2	-0.957858	-0.287193
199.3	-0.981745	-0.190132
199.4	-0.995821	-0.091171
199.5	-0.999948	0.00870061
199.6	-0.994084	0.108485
199.7	-0.978287	0.207186
199.8	-0.952716	0.303817
199.9	-0.917625	0.397412
200	-0.873366	0.487036
200.1	-0.82038	0.571794
200.2	-0.759198	0.650839
200.3	-0.69043	0.72338
200.4	-0.614763	0.788694
200.5	-0.532954	0.846128
200.6	-0.445819	0.895107
200.7	-0.354231	0.935143
200.8	-0.259102	0.965835
200.9	-0.161385	0.986877
201	-0.062056	0.998059
201.1	0.0378936	0.999268
201.2	0.137465	0.990493
201.3	0.235662	0.971821
201.4	0.331505	0.943439
201.5	0.424035	0.90563
201.6	0.512329	0.858773
201.7	0.595504	0.803335
201.8	0.672728	0.739871
201.9	0.743231	0.669014
202	0.806308	0.591472
202.1	0.861328	0.508021
202.2	0.907743	0.419494
202.3	0.945087	0.326775
202.4	0.972989	0.230791
202.5	0.991169	0.132502
202.6	0.999445	0.032888
202.7	0.997735	-0.0670542
202.8	0.986056	-0.166326
202.9	0.964525	-0.263937
203	0.933357	-0.35891
203.1	0.892863	-0.450297
203.2	0.843448	-0.537185
203.3	0.785605	-0.618706
203.4	0.719913	-0.694044
203.5	0.647028	-0.762448
203.6	0.567677	-0.823234
203.7	0.482655	-0.875794
203.8	0.39281	-0.919604
203.9	0.299041	-0.954225
204	0.202283	-0.979313
204.1	0.103505	-0.994615
204.2	0.00369198	-0.999979
204.3	-0.0961577	-0.995352
204.4	-0.195047	-0.98078
204.5	-0.291987	-0.956408
204.6	-0.386009	-0.922479
204.7	-0.476175	-0.879334
204.8	-0.561583	-0.827403
204.9	-0.64138	-0.767205
205	-0.714768	-0.699341
205.1	-0.781015	-0.62449
205.2	-0.839458	-0.543398
205.3	-0.889514	-0.456878
205.4	-0.930681	-0.365792
205.5	-0.96255	-0.271052
205.6	-0.984801	-0.173603
205.7	-0.997213	-0.0744197
205.8	-0.99966	0.0255072
205.9	-0.99212	0.125179
206	-0.974666	0.2236
206.1	-0.947474	0.319788
206.2	-0.910815	0.412779
206.3	-0.865056	0.501647
206.4	-0.810653	0.585502
206.5	-0.748151	0.663507
206.6	-0.678173	0.734883
206.7	-0.601419	0.798916
206.8	-0.518656	0.854966
206.9	-0.430711	0.902474
207	-0.338462	0.940965
207.1	-0.242831	0.970054
207.2	-0.144775	0.98945
207.3	-0.0452711	0.99896
207.4	0.0546846	0.998489
207.5	0.154094	0.988042
207.6	0.251964	0.967722
207.7	0.347316	0.937733
207.8	0.439198	0.898374
207.9	0.526691	0.85004
208	0.608922	0.793212
208.1	0.685069	0.728458
208.2	0.754371	0.656426
208.3	0.816136	0.577836
208.4	0.869745	0.493471
208.5	0.914665	0.404176
208.6	0.950446	0.310843
208.7	0.97673	0.214404
208.8	0.993255	0.115823
208.9	0.999856	0.016084
209	0.996467	-0.0838153
209.1	0.983121	-0.182877
209.2	0.959952	-0.280112
209.3	0.927192	-0.374548
209.4	0.885168	-0.465241
209.5	0.834299	-0.551286
209.6	0.775094	-0.631823
209.7	0.708145	-0.706047
209.8	0.63412	-0.773216
209.9	0.553759	-0.832659
210	0.467866	-0.883783
210.1	0.377297	-0.926076
210.2	0.282959	-0.959117
210.3	0.185794	-0.982574
210.4	0.086772	-0.996214
210.5	-0.0131169	-0.999899
210.6	-0.112875	-0.993595
210.7	-0.211505	-0.977362
210.8	-0.308021	-0.951364
210.9	-0.40146	-0.91586
211	-0.490888	-0.871206
211.1	-0.575411	-0.817846
211.2	-0.654185	-0.756315
211.3	-0.726422	-0.687228
211.4	-0.791401	-0.611273
211.5	-0.848473	-0.529211
211.6	-0.897067	-0.441861
211.7	-0.936698	-0.350097
211.8	-0.96697	-0.254834
211.9	-0.98758	-0.157025
212	-0.998322	-0.0576473
212.1	-0.99909	0.0423065
212.2	-0.989875	0.141838
212.3	-0.97077	0.239952
212.4	-0.941965	0.335668
212.5	-0.903748	0.428031
212.6	-0.856501	0.516116
212.7	-0.800697	0.599045
212.8	-0.736892	0.675989
212.9	-0.665724	0.746178
213	-0.587905	0.808912
213.1	-0.504212	0.863563
213.2	-0.41548	0.909586
213.3	-0.322598	0.946521
213.4	-0.226492	0.973998
213.5	-0.128123	0.991743
213.6	-0.0284735	0.99958
213.7	0.0714601	0.997429
213.8	0.17068	0.985312
213.9	0.268194	0.96335
214	0.363028	0.931762
214.1	0.454236	0.890865
214.2	0.540905	0.841066
214.3	0.622169	0.782864
214.4	0.697216	0.71684
214.5	0.765298	0.643653
214.6	0.825732	0.564036
214.7	0.877917	0.478782
214.8	0.921329	0.388745
214.9	0.955536	0.294823
215	0.980196	0.197956
215.1	0.995061	0.0991109
215.2	0.999985	-0.000724525
215.3	0.994917	-0.100553
215.4	0.979908	-0.199376
215.5	0.955108	-0.296208
215.6	0.920765	-0.390079
215.7	0.877222	-0.480054
215.8	0.824914	-0.565231
215.9	0.764364	-0.644762
216	0.696177	-0.717849
216.1	0.621034	-0.783765
216.2	0.539685	-0.841849
216.3	0.452944	-0.891522
216.4	0.361678	-0.932287
216.5	0.266798	-0.963737
216.6	0.169252	-0.985558
216.7	0.0700147	-0.997531
216.8	-0.029922	-0.999537
216.9	-0.12956	-0.991556
217	-0.227903	-0.973668
217.1	-0.323969	-0.946052
217.2	-0.416798	-0.908983
217.3	-0.505462	-0.862831
217.4	-0.589076	-0.808059
217.5	-0.666805	-0.745212
217.6	-0.73787	-0.67492
217.7	-0.801564	-0.597884
217.8	-0.857248	-0.514874
217.9	-0.904367	-0.42672
218	-0.94245	-0.334303
218.1	-0.971116	-0.238545
218.2	-0.990079	-0.140403
218.3	-0.99915	-0.0408587
218.4	-0.998237	0.0590939
218.5	-0.987351	0.158456
218.6	-0.966599	0.256235
218.7	-0.936189	0.351454
218.8	-0.896425	0.443161
218.9	-0.847705	0.53044
219	-0.790514	0.612419
219.1	-0.725425	0.688279
219.2	-0.653088	0.757262
219.3	-0.574225	0.818679
219.4	-0.489625	0.871916
219.5	-0.400132	0.916441
219.6	-0.306642	0.951809
219.7	-0.210088	0.977667
219.8	-0.111435	0.993756
219.9	-0.0116679	0.999917
220	0.0882154	0.996086
220.1	0.187217	0.982303
220.2	0.284349	0.958705
220.3	0.378639	0.925528
220.4	0.469146	0.883103
220.5	0.554965	0.831855
220.6	0.635239	0.772295
220.7	0.709167	0.705019
220.8	0.776008	0.630698
220.9	0.835096	0.550076
221	0.88584	0.463958
221.1	0.927733	0.373203
221.2	0.960356	0.27872
221.3	0.983384	0.181452
221.4	0.996586	0.0823712
221.5	0.999831	-0.0175328
221.6	0.993086	-0.117262
221.7	0.976418	-0.215819
221.8	0.949994	-0.31222
221.9	0.914078	-0.405501
222	0.869029	-0.494731
222.1	0.815297	-0.579017
222.2	0.753418	-0.657518
222.3	0.684012	-0.72945
222.4	0.607771	-0.794093
222.5	0.525458	-0.850801
222.6	0.437895	-0.899009
222.7	0.345956	-0.938234
222.8	0.250561	-0.968085
222.9	0.152662	-0.988263
223	0.0532376	-0.998566
223.1	-0.0467186	-0.998893
223.2	-0.146208	-0.989238
223.3	-0.244237	-0.9697
223.4	-0.339825	-0.940472
223.5	-0.432017	-0.901848
223.6	-0.519894	-0.854213
223.7	-0.602575	-0.798043
223.8	-0.679236	-0.733899
223.9	-0.74911	-0.662422
224	-0.8115	-0.584326
224.1	-0.865781	-0.500392
224.2	-0.911411	-0.411459
224.3	-0.947935	-0.318414
224.4	-0.974988	-0.222188
224.5	-0.992299	-0.123741
224.6	-0.999695	-0.0240585
224.7	-0.997103	0.0758645
224.8	-0.984547	0.17503
224.9	-0.962155	0.272446
225	-0.930149	0.36714
225.1	-0.888849	0.458166
225.2	-0.838669	0.544613
225.3	-0.780108	0.62562
225.4	-0.713753	0.700375
225.5	-0.640267	0.768132
225.6	-0.560383	0.828215
225.7	-0.4749	0.880022
225.8	-0.384672	0.923037
225.9	-0.2906	0.956828
226	-0.193625	0.98106
226.1	-0.0947151	0.995489
226.2	0.00514101	0.999971
226.3	0.104946	0.994462
226.4	0.203702	0.979017
226.5	0.300423	0.95379
226.6	0.394142	0.919032
226.7	0.483923	0.875093
226.8	0.568869	0.822409
226.9	0.648131	0.761508
227	0.720917	0.692999
227.1	0.786499	0.617565
227.2	0.844224	0.535961
227.3	0.893513	0.449002
227.4	0.933875	0.357557
227.5	0.964905	0.262538
227.6	0.986295	0.164897
227.7	0.99783	0.0656083
227.8	0.999395	-0.0343362
227.9	0.990974	-0.133938
228	0.972652	-0.232201
228.1	0.944611	-0.328144
228.2	0.907132	-0.420808
228.3	0.86059	-0.509268
228.4	0.805449	-0.592639
228.5	0.742259	-0.670089
228.6	0.671654	-0.740844
228.7	0.594338	-0.804196
228.8	0.511083	-0.859513
228.9	0.422722	-0.906242
229	0.330137	-0.943916
229.1	0.234253	-0.972159
229.2	0.136029	-0.990689
229.3	0.0364455	-0.99932
229.4	-0.063502	-0.997966
229.5	-0.162815	-0.98664
229.6	-0.260501	-0.965457
229.7	-0.355585	-0.934627
229.8	-0.447115	-0.894459
229.9	-0.534178	-0.845353
230	-0.615904	-0.787801
230.1	-0.691476	-0.722378
230.2	-0.760139	-0.649736
230.3	-0.821206	-0.570603
230.4	-0.874069	-0.485769
230.5	-0.918198	-0.396081
230.6	-0.953153	-0.302435
230.7	-0.978584	-0.205768
230.8	-0.994238	-0.107044
230.9	-0.999958	-0.00725159
231	-0.995686	0.0926137
231.1	-0.981466	0.191554
231.2	-0.957439	0.28858
231.3	-0.923846	0.382722
231.4	-0.881022	0.473041
231.5	-0.829395	0.558633
231.6	-0.769482	0.638644
231.7	-0.70188	0.712273
231.8	-0.627265	0.778786
231.9	-0.546382	0.837517
232	-0.46004	0.88788
232.1	-0.369102	0.929372
232.2	-0.274476	0.961577
232.3	-0.177107	0.984175
232.4	-0.0779689	0.99694
232.5	0.0219485	0.999743
232.6	0.121646	0.992557
232.7	0.220129	0.975454
232.8	0.316412	0.948605
232.9	0.409534	0.912277
233	0.498564	0.866835
233.1	0.582612	0.812731
233.2	0.660839	0.750506
233.3	0.732463	0.680783
233.4	0.796768	0.604258
233.5	0.853113	0.521695
233.6	0.900934	0.43392
233.7	0.939752	0.341809
233.8	0.969181	0.246282
233.9	0.988927	0.148295
234	0.998791	0.0488268
234.1	0.998676	-0.0511298
234.2	0.988582	-0.150575
234.3	0.968611	-0.248517
234.4	0.938962	-0.343975
234.5	0.899931	-0.435996
234.6	0.851908	-0.523661
234.7	0.795373	-0.606094
234.8	0.730891	-0.68247
234.9	0.659106	-0.752028
235	0.580736	-0.814072
235.1	0.496563	-0.867982
235.2	0.407429	-0.913219
235.3	0.314224	-0.949332
235.4	0.217879	-0.975959
235.5	0.119357	-0.992835
235.6	0.0196431	-0.999791
235.7	-0.0802675	-0.996757
235.8	-0.179376	-0.983764
235.9	-0.276692	-0.960942
236	-0.371244	-0.928518
236.1	-0.462086	-0.886816
236.2	-0.548312	-0.836254
236.3	-0.629059	-0.777337
236.4	-0.70352	-0.710652
236.5	-0.770952	-0.636867
236.6	-0.830681	-0.556719
236.7	-0.88211	-0.471008
236.8	-0.924726	-0.380591
236.9	-0.958102	-0.286371
237	-0.981904	-0.18929
237.1	-0.995897	-0.0903175
237.2	-0.999938	0.00955739
237.3	-0.993988	0.109337
237.4	-0.978107	0.208024
237.5	-0.952453	0.304632
237.6	-0.917282	0.398197
237.7	-0.872946	0.487783
237.8	-0.819888	0.572495
237.9	-0.758638	0.651487
238	-0.689808	0.72397
238.1	-0.614085	0.789219
238.2	-0.532227	0.846582
238.3	-0.445051	0.895487
238.4	-0.353428	0.935444
238.5	-0.258274	0.966055
238.6	-0.160539	0.987013
238.7	-0.0612006	0.998109
238.8	0.0387497	0.999232
238.9	0.138313	0.990372
239	0.236494	0.971616
239.1	0.332312	0.943152
239.2	0.42481	0.905264
239.3	0.513063	0.858331
239.4	0.59619	0.802823
239.5	0.67336	0.739292
239.6	0.743802	0.668375
239.7	0.806812	0.59078
239.8	0.861761	0.507281
239.9	0.9081	0.418715
240	0.945364	0.325964
240.1	0.973184	0.229957
240.2	0.991279	0.131652
240.3	0.99947	0.0320315
240.4	0.997675	-0.0679089
240.5	0.985911	-0.167171
240.6	0.964296	-0.264763
240.7	0.933047	-0.359709
240.8	0.892474	-0.451061
240.9	0.842985	-0.537906
241	0.785073	-0.619377
241.1	0.719316	-0.694659
241.2	0.646372	-0.763
241.3	0.56697	-0.823718
241.4	0.481903	-0.876205
241.5	0.392021	-0.919938
241.6	0.298222	-0.954479
241.7	0.201444	-0.979483
241.8	0.102652	-0.9947
241.9	0.00283514	-0.999979
242	-0.0970103	-0.995267
242.1	-0.195886	-0.980609
242.2	-0.292805	-0.956155
242.3	-0.386799	-0.922146
242.4	-0.476927	-0.878924
242.5	-0.56229	-0.82692
242.6	-0.642035	-0.766653
242.7	-0.715365	-0.698726
242.8	-0.781548	-0.623818
242.9	-0.839921	-0.542677
243	-0.889902	-0.456114
243.1	-0.930992	-0.364994
243.2	-0.962779	-0.270226
243.3	-0.984947	-0.172759
243.4	-0.997273	-0.073565
243.5	-0.999636	0.0263637
243.6	-0.99201	0.126029
243.7	-0.974472	0.224435
243.8	-0.947197	0.320598
243.9	-0.910459	0.413559
244	-0.864623	0.502387
244.1	-0.810149	0.586195
244.2	-0.74758	0.664146
244.3	-0.677541	0.735462
244.4	-0.600733	0.799429
244.5	-0.517922	0.855408
244.6	-0.429936	0.902841
244.7	-0.337655	0.941252
244.8	-0.241999	0.970259
244.9	-0.143926	0.989571
245	-0.044415	0.998996
245.1	0.05554	0.998439
245.2	0.15494	0.987907
245.3	0.252792	0.967503
245.4	0.348118	0.937433
245.5	0.439966	0.897995
245.6	0.527418	0.849586
245.7	0.6096	0.792688
245.8	0.685691	0.727869
245.9	0.754931	0.655778
246	0.816628	0.577135
246.1	0.870166	0.492725
246.2	0.915009	0.403391
246.3	0.95071	0.310028
246.4	0.976911	0.213566
246.5	0.993352	0.114971
246.6	0.999867	0.0152272
246.7	0.996392	-0.0846689
246.8	0.982961	-0.183719
246.9	0.959709	-0.280934
247	0.926868	-0.375341
247.1	0.884766	-0.465998
247.2	0.833824	-0.551999
247.3	0.77455	-0.632485
247.4	0.707538	-0.706651
247.5	0.633456	-0.773757
247.6	0.553044	-0.833131
247.7	0.467107	-0.884181
247.8	0.376503	-0.926397
247.9	0.282137	-0.959356
248	0.184951	-0.98273
248.1	0.0859181	-0.996285
248.2	-0.0139736	-0.999885
248.3	-0.113726	-0.993495
248.4	-0.212341	-0.977178
248.5	-0.308835	-0.951097
248.6	-0.402244	-0.915514
248.7	-0.491633	-0.870783
248.8	-0.57611	-0.817351
248.9	-0.654831	-0.755753
249	-0.727009	-0.686603
249.1	-0.791923	-0.610593
249.2	-0.848924	-0.528483
249.3	-0.897443	-0.441091
249.4	-0.936995	-0.349293
249.5	-0.967185	-0.254005
249.6	-0.987711	-0.156178
249.7	-0.998369	-0.0567917
249.8	-0.999051	0.0431625
249.9	-0.989751	0.142685
250	-0.970561	0.240783
250.1	-0.941674	0.336474
250.2	-0.903379	0.428804
250.3	-0.856056	0.516849
250.4	-0.800181	0.59973
250.5	-0.73631	0.676618
250.6	-0.665083	0.746746
250.7	-0.58721	0.809413
250.8	-0.50347	0.863992
250.9	-0.4147	0.909939
251	-0.321786	0.946794
251.1	-0.225656	0.974189
251.2	-0.127273	0.99185
251.3	-0.027617	0.999601
251.4	0.0723145	0.997364
251.5	0.171523	0.985162
251.6	0.269019	0.963117
251.7	0.363826	0.931448
251.8	0.454998	0.890473
251.9	0.541624	0.8406
252	0.622838	0.782329
252.1	0.697829	0.71624
252.2	0.765847	0.642996
252.3	0.826213	0.563326
252.4	0.878324	0.478028
252.5	0.92166	0.387954
252.6	0.955786	0.294004
252.7	0.980362	0.197116
252.8	0.995143	0.098258
252.9	0.999981	-0.00158136
253	0.994828	-0.101405
253.1	0.979734	-0.200215
253.2	0.954851	-0.297025
253.3	0.920428	-0.390867
253.4	0.876808	-0.480804
253.5	0.824427	-0.565937
253.6	0.763809	-0.645415
253.7	0.69556	-0.718444
253.8	0.62036	-0.784295
253.9	0.538962	-0.842309
254	0.452179	-0.891907
254.1	0.360878	-0.932594
254.2	0.265971	-0.963963
254.3	0.168407	-0.9857
254.4	0.0691597	-0.997588
254.5	-0.0307783	-0.999509
254.6	-0.130409	-0.991442
254.7	-0.228736	-0.97347
254.8	-0.324778	-0.945771
254.9	-0.417575	-0.908623
255	-0.5062	-0.862396
255.1	-0.589767	-0.807552
255.2	-0.667441	-0.744639
255.3	-0.738447	-0.674286
255.4	-0.802074	-0.597196
255.5	-0.857687	-0.514138
255.6	-0.90473	-0.425944
255.7	-0.942733	-0.333494
255.8	-0.971317	-0.237712
255.9	-0.990197	-0.139554
256	-0.999182	-0.0400025
256.1	-0.998184	0.059949
256.2	-0.987212	0.159302
256.3	-0.966376	0.257062
256.4	-0.935885	0.352255
256.5	-0.896043	0.443927
256.6	-0.847248	0.531165
256.7	-0.789987	0.613095
256.8	-0.724833	0.688899
256.9	-0.652437	0.75782
257	-0.573522	0.819169
257.1	-0.488876	0.872333
257.2	-0.399346	0.916781
257.3	-0.305826	0.952069
257.4	-0.20925	0.977844
257.5	-0.110583	0.993849
257.6	-0.0108111	0.999924
257.7	0.0890686	0.996008
257.8	0.188058	0.98214
257.9	0.285169	0.958459
258	0.379431	0.925201
258.1	0.469901	0.882699
258.2	0.555676	0.831377
258.3	0.635899	0.771749
258.4	0.709769	0.704409
258.5	0.776546	0.630032
258.6	0.835565	0.549359
258.7	0.886235	0.463197
258.8	0.92805	0.372407
258.9	0.960592	0.277897
259	0.983537	0.180609
259.1	0.996654	0.081517
259.2	0.999813	-0.0183895
259.3	0.992982	-0.118112
259.4	0.97623	-0.216655
259.5	0.949723	-0.313033
259.6	0.913728	-0.406283
259.7	0.868602	-0.495474
259.8	0.814798	-0.579714
259.9	0.752853	-0.658162
260	0.683385	-0.730033
260.1	0.607089	-0.794611
260.2	0.524728	-0.851249
260.3	0.437123	-0.899382
260.4	0.345151	-0.938528
260.5	0.24973	-0.968297
260.6	0.151815	-0.988391
260.7	0.0523818	-0.998609
260.8	-0.0475744	-0.99885
260.9	-0.147055	-0.98911
261	-0.245067	-0.969488
261.1	-0.34063	-0.940178
261.2	-0.432789	-0.901475
261.3	-0.520624	-0.853765
261.4	-0.603257	-0.797524
261.5	-0.679863	-0.733314
261.6	-0.749676	-0.661778
261.7	-0.811998	-0.583629
261.8	-0.866207	-0.499649
261.9	-0.911761	-0.410676
262	-0.948205	-0.317601
262.1	-0.975175	-0.221351
262.2	-0.992402	-0.122891
262.3	-0.999713	-0.0232019
262.4	-0.997035	0.0767187
262.5	-0.984394	0.175873
262.6	-0.961919	0.273269
262.7	-0.929832	0.367936
262.8	-0.888454	0.458926
262.9	-0.838199	0.54533
263	-0.77957	0.626286
263.1	-0.713151	0.700985
263.2	-0.639607	0.768679
263.3	-0.559671	0.828693
263.4	-0.474144	0.880426
263.5	-0.38388	0.923363
263.6	-0.289779	0.957074
263.7	-0.192784	0.981223
263.8	-0.0938619	0.995567
263.9	0.00599782	0.999964
264	0.105798	0.994369
264.1	0.20454	0.978839
264.2	0.301239	0.953529
264.3	0.394928	0.918692
264.4	0.484671	0.874675
264.5	0.569572	0.821919
264.6	0.648781	0.760951
264.7	0.721508	0.692379
264.8	0.787026	0.61689
264.9	0.844681	0.535236
265	0.893895	0.448235
265.1	0.934178	0.356755
265.2	0.965127	0.261711
265.3	0.986433	0.164052
265.4	0.997883	0.0647531
265.5	0.999362	-0.0351924
265.6	0.990856	-0.134786
265.7	0.97245	-0.233033
265.8	0.944327	-0.328952
265.9	0.906769	-0.421584
266	0.860151	-0.510004
266.1	0.804938	-0.593327
266.2	0.741683	-0.670723
266.3	0.671017	-0.741417
266.4	0.593647	-0.804703
266.5	0.510345	-0.859948
266.6	0.421944	-0.906602
266.7	0.329327	-0.944196
266.8	0.233419	-0.972357
266.9	0.13518	-0.990802
267	0.0355891	-0.999348
267.1	-0.064357	-0.997908
267.2	-0.16366	-0.986498
267.3	-0.261328	-0.965231
267.4	-0.356384	-0.93432
267.5	-0.44788	-0.894073
267.6	-0.534901	-0.844893
267.7	-0.616577	-0.787271
267.8	-0.692093	-0.721783
267.9	-0.760693	-0.649083
268	-0.821693	-0.569898
268.1	-0.874483	-0.485018
268.2	-0.918535	-0.395293
268.3	-0.953409	-0.301618
268.4	-0.978758	-0.204929
268.5	-0.994327	-0.106192
268.6	-0.999961	-0.00639475
268.7	-0.995604	0.0934666
268.8	-0.981299	0.192394
268.9	-0.957189	0.289399
269	-0.923515	0.383513
269.1	-0.880614	0.473794
269.2	-0.828914	0.559342
269.3	-0.768932	0.639301
269.4	-0.701267	0.712872
269.5	-0.626595	0.779321
269.6	-0.545663	0.837982
269.7	-0.459278	0.888271
269.8	-0.368305	0.929685
269.9	-0.273651	0.96181
270	-0.176263	0.984324
270.1	-0.0771144	0.997003
270.2	0.022805	0.999721
270.3	0.122497	0.99245
270.4	0.220964	0.975263
270.5	0.317224	0.948331
270.6	0.410314	0.911924
270.7	0.499305	0.866405
270.8	0.583306	0.812229
270.9	0.66148	0.749938
271	0.733044	0.680154
271.1	0.797284	0.603573
271.2	0.853557	0.520963
271.3	0.901303	0.433146
271.4	0.940042	0.341002
271.5	0.969389	0.245451
271.6	0.989051	0.147448
271.7	0.99883	0.0479708
271.8	0.998629	-0.0519853
271.9	0.98845	-0.151422
272	0.968395	-0.249346
272.1	0.938664	-0.344778
272.2	0.899554	-0.436766
272.3	0.851456	-0.524389
272.4	0.794851	-0.606773
272.5	0.730304	-0.683095
272.6	0.65846	-0.752591
272.7	0.580037	-0.814567
272.8	0.495818	-0.868405
272.9	0.406645	-0.913565
273	0.313409	-0.949598
273.1	0.217042	-0.976143
273.2	0.118506	-0.992934
273.3	0.0187863	-0.999805
273.4	-0.0811213	-0.996685
273.5	-0.180218	-0.983607
273.6	-0.277515	-0.960702
273.7	-0.372039	-0.928197
273.8	-0.462845	-0.886418
273.9	-0.549027	-0.835782
274	-0.629723	-0.776796
274.1	-0.704127	-0.710047
274.2	-0.771496	-0.636205
274.3	-0.831156	-0.556006
274.4	-0.882511	-0.470251
274.5	-0.925049	-0.379797
274.6	-0.958344	-0.285549
274.7	-0.982064	-0.188448
274.8	-0.995971	-0.0894639
274.9	-0.999927	0.0104142
275	-0.993892	0.110188
275.1	-0.977926	0.208861
275.2	-0.952189	0.305447
275.3	-0.916938	0.398982
275.4	-0.872526	0.488529
275.5	-0.819395	0.573196
275.6	-0.758077	0.652135
275.7	-0.689185	0.724559
275.8	-0.613407	0.789743
275.9	-0.5315	0.847036
276	-0.444282	0.895865
276.1	-0.352626	0.935744
276.2	-0.257446	0.966273
276.3	-0.159693	0.987147
276.4	-0.0603452	0.998158
276.5	0.0396058	0.999196
276.6	0.139161	0.99025
276.7	0.237326	0.97141
276.8	0.333119	0.942864
276.9	0.425584	0.904898
277	0.513797	0.857889
277.1	0.596876	0.802309
277.2	0.673992	0.738713
277.3	0.744373	0.667736
277.4	0.807316	0.590087
277.5	0.862193	0.506542
277.6	0.908456	0.417935
277.7	0.945641	0.325153
277.8	0.973378	0.229122
277.9	0.991389	0.130802
278	0.999495	0.031175
278.1	0.997614	-0.0687636
278.2	0.985765	-0.168015
278.3	0.964067	-0.265588
278.4	0.932736	-0.360507
278.5	0.892085	-0.451824
278.6	0.842522	-0.538627
278.7	0.78454	-0.620048
278.8	0.718719	-0.695273
278.9	0.645717	-0.763552
279	0.566263	-0.824201
279.1	0.481151	-0.876616
279.2	0.391232	-0.920271
279.3	0.297404	-0.954732
279.4	0.200604	-0.979653
279.5	0.1018	-0.994785
279.6	0.0019783	-0.999979
279.7	-0.0978628	-0.99518
279.8	-0.196726	-0.980439
279.9	-0.293624	-0.955901
280	-0.387588	-0.921812
280.1	-0.477679	-0.878512
280.2	-0.562997	-0.826435
280.3	-0.64269	-0.766101
280.4	-0.715962	-0.698111
280.5	-0.78208	-0.623147
280.6	-0.840384	-0.541956
280.7	-0.890291	-0.45535
280.8	-0.931302	-0.364195
280.9	-0.963008	-0.2694
281	-0.985092	-0.171914
281.1	-0.997334	-0.0727103
281.2	-0.99961	0.0272201
281.3	-0.991899	0.126879
281.4	-0.974277	0.225269
281.5	-0.94692	0.321409
281.6	-0.910102	0.414338
281.7	-0.86419	0.503126
281.8	-0.809644	0.586888
281.9	-0.747009	0.664785
282	-0.676909	0.73604
282.1	-0.600046	0.799941
282.2	-0.517187	0.855849
282.3	-0.429161	0.903206
282.4	-0.336847	0.941539
282.5	-0.241167	0.970463
282.6	-0.143078	0.989692
282.7	-0.0435589	0.999031
282.8	0.0563953	0.998389
282.9	0.155786	0.987771
283	0.25362	0.967284
283.1	0.34892	0.937131
283.2	0.440734	0.897616
283.3	0.528144	0.849132
283.4	0.610277	0.792163
283.5	0.686313	0.727279
283.6	0.755491	0.655129
283.7	0.81712	0.576433
283.8	0.870585	0.491977
283.9	0.915352	0.402606
284	0.950972	0.309212
284.1	0.977091	0.212729
284.2	0.993447	0.11412
284.3	0.999877	0.0143704
284.4	0.996316	-0.0855224
284.5	0.982801	-0.184561
284.6	0.959466	-0.281755
284.7	0.926544	-0.376134
284.8	0.884364	-0.466755
284.9	0.833349	-0.552712
285	0.774006	-0.633147
285.1	0.70693	-0.707255
285.2	0.632791	-0.774297
285.3	0.552329	-0.833603
285.4	0.466348	-0.884579
285.5	0.375708	-0.926717
285.6	0.281314	-0.959595
285.7	0.184109	-0.982886
285.8	0.0850642	-0.996356
285.9	-0.0148303	-0.99987
286	-0.114577	-0.993394
286.1	-0.213178	-0.976993
286.2	-0.30965	-0.95083
286.3	-0.403027	-0.915166
286.4	-0.492378	-0.870359
286.5	-0.576809	-0.816855
286.6	-0.655476	-0.755189
286.7	-0.727595	-0.685978
286.8	-0.792443	-0.609913
286.9	-0.849374	-0.527754
287	-0.897818	-0.440321
287.1	-0.937292	-0.348489
287.2	-0.9674	-0.253175
287.3	-0.987842	-0.155332
287.4	-0.998414	-0.0559361
287.5	-0.999011	0.0440184
287.6	-0.989625	0.143533
287.7	-0.970352	0.241614
287.8	-0.941383	0.33728
287.9	-0.903008	0.429576
288	-0.855611	0.517581
288.1	-0.799665	0.600413
288.2	-0.735729	0.677247
288.3	-0.664441	0.747314
288.4	-0.586515	0.809914
288.5	-0.502728	0.864421
288.6	-0.413919	0.910292
288.7	-0.320973	0.947067
288.8	-0.224821	0.97438
288.9	-0.126422	0.991956
289	-0.0267604	0.999622
289.1	0.0731689	0.997299
289.2	0.172367	0.985012
289.3	0.269843	0.962883
289.4	0.364623	0.931134
289.5	0.455759	0.89008
289.6	0.542342	0.840134
289.7	0.623506	0.781793
289.8	0.69844	0.71564
289.9	0.766396	0.642338
290	0.826694	0.562617
290.1	0.878731	0.477274
290.2	0.921989	0.387163
290.3	0.956035	0.293184
290.4	0.980528	0.196275
290.5	0.995225	0.097405
290.6	0.999977	-0.00243819
290.7	0.994738	-0.102257
290.8	0.97956	-0.201054
290.9	0.954594	-0.297842
291	0.92009	-0.391655
291.1	0.876394	-0.481554
291.2	0.82394	-0.566641
291.3	0.763254	-0.646067
291.4	0.694942	-0.719038
291.5	0.619686	-0.784824
291.6	0.538239	-0.842768
291.7	0.451413	-0.892292
291.8	0.360078	-0.932901
291.9	0.265144	-0.964188
292	0.167562	-0.985841
292.1	0.0683047	-0.997644
292.2	-0.0316347	-0.999479
292.3	-0.131258	-0.991328
292.4	-0.22957	-0.973271
292.5	-0.325588	-0.94549
292.6	-0.418353	-0.908262
292.7	-0.506938	-0.861959
292.8	-0.590457	-0.807044
292.9	-0.668077	-0.744065
293	-0.739022	-0.673651
293.1	-0.802583	-0.596507
293.2	-0.858125	-0.513402
293.3	-0.905092	-0.425168
293.4	-0.943016	-0.332685
293.5	-0.971518	-0.236879
293.6	-0.990313	-0.138705
293.7	-0.999213	-0.0391462
293.8	-0.998129	0.0608042
293.9	-0.987073	0.160147
294	-0.966153	0.25789
294.1	-0.935581	0.353056
294.2	-0.89566	0.444694
294.3	-0.84679	0.531889
294.4	-0.789459	0.61377
294.5	-0.724241	0.689518
294.6	-0.651786	0.758376
294.7	-0.572818	0.819658
294.8	-0.488127	0.872749
294.9	-0.398559	0.91712
295	-0.305009	0.952328
295.1	-0.208411	0.97802
295.2	-0.109731	0.993941
295.3	-0.00995427	0.99993
295.4	0.0899218	0.995928
295.5	0.188899	0.981976
295.6	0.28599	0.958211
295.7	0.380222	0.924873
295.8	0.470656	0.882294
295.9	0.556387	0.830899
296	0.636559	0.771202
296.1	0.71037	0.703799
296.2	0.777084	0.629364
296.3	0.836033	0.548641
296.4	0.886629	0.462436
296.5	0.928366	0.371611
296.6	0.960828	0.277073
296.7	0.983689	0.179766
296.8	0.996721	0.0806628
296.9	0.999794	-0.0192461
297	0.992878	-0.118963
297.1	0.976041	-0.217491
297.2	0.949452	-0.313846
297.3	0.913377	-0.407065
297.4	0.868175	-0.496217
297.5	0.814299	-0.58041
297.6	0.752286	-0.658805
297.7	0.682757	-0.730617
297.8	0.606407	-0.795129
297.9	0.523997	-0.851696
298	0.436351	-0.899753
298.1	0.344346	-0.938821
298.2	0.2489	-0.968508
298.3	0.150967	-0.988518
298.4	0.051526	-0.998651
298.5	-0.0484301	-0.998806
298.6	-0.147902	-0.988981
298.7	-0.245897	-0.969275
298.8	-0.341434	-0.939884
298.9	-0.43356	-0.901102
299	-0.521354	-0.853316
299.1	-0.603939	-0.797005
299.2	-0.680489	-0.73273
299.3	-0.750241	-0.661134
299.4	-0.812496	-0.582932
299.5	-0.866633	-0.498905
299.6	-0.91211	-0.409894
299.7	-0.948475	-0.316787
299.8	-0.975362	-0.220515
299.9	-0.992504	-0.12204
300	-0.99973	-0.0223452
300.1	-0.996966	0.0775728
300.2	-0.984241	0.176716
300.3	-0.961682	0.274093
300.4	-0.929514	0.368731
300.5	-0.888058	0.459686
300.6	-0.83773	0.546047
300.7	-0.779031	0.626952
300.8	-0.712548	0.701593
300.9	-0.638946	0.769224
301	-0.55896	0.82917
301.1	-0.473388	0.88083
301.2	-0.383087	0.92369
301.3	-0.288958	0.95732
301.4	-0.191942	0.981385
301.5	-0.0930085	0.995644
301.6	0.00685462	0.999956
301.7	0.106649	0.994276
301.8	0.205378	0.978661
301.9	0.302055	0.953268
302	0.395714	0.918351
302.1	0.485419	0.874257
302.2	0.570274	0.821429
302.3	0.649431	0.760393
302.4	0.722099	0.691759
302.5	0.787553	0.616214
302.6	0.845137	0.534511
302.7	0.894277	0.447468
302.8	0.934481	0.355954
302.9	0.965349	0.260883
303	0.986571	0.163206
303.1	0.997935	0.0638978
303.2	0.999329	-0.0360486
303.3	0.990738	-0.135635
303.4	0.972247	-0.233866
303.5	0.944042	-0.32976
303.6	0.906405	-0.42236
303.7	0.859711	-0.510739
303.8	0.804428	-0.594015
303.9	0.741106	-0.671356
304	0.67038	-0.74199
304.1	0.592956	-0.805209
304.2	0.509607	-0.860383
304.3	0.421166	-0.90696
304.4	0.328517	-0.944476
304.5	0.232585	-0.972554
304.6	0.13433	-0.990915
304.7	0.0347327	-0.999375
304.8	-0.0652118	-0.99785
304.9	-0.164505	-0.986355
305	-0.262154	-0.965004
305.1	-0.357184	-0.934011
305.2	-0.448645	-0.893686
305.3	-0.535623	-0.844432
305.4	-0.61725	-0.78674
305.5	-0.692709	-0.721188
305.6	-0.761247	-0.648429
305.7	-0.822179	-0.569192
305.8	-0.874896	-0.484268
305.9	-0.918871	-0.394505
306	-0.953665	-0.3008
306.1	-0.978931	-0.204089
306.2	-0.994415	-0.10534
306.3	-0.999963	-0.00553792
306.4	-0.995521	0.0943194
306.5	-0.981131	0.193234
306.6	-0.956938	0.290219
306.7	-0.923184	0.384303
306.8	-0.880206	0.474548
306.9	-0.828433	0.560051
307	-0.768382	0.639958
307.1	-0.700654	0.713471
307.2	-0.625926	0.779855
307.3	-0.544943	0.838448
307.4	-0.458516	0.888662
307.5	-0.367507	0.929998
307.6	-0.272826	0.962041
307.7	-0.175419	0.984472
307.8	-0.0762599	0.997067
307.9	0.0236616	0.999699
308	0.123347	0.992342
308.1	0.221799	0.97507
308.2	0.318036	0.948056
308.3	0.411094	0.911569
308.4	0.500046	0.865974
308.5	0.584001	0.811727
308.6	0.66212	0.749369
308.7	0.733625	0.679523
308.8	0.797799	0.602888
308.9	0.854001	0.52023
309	0.901671	0.432373
309.1	0.940332	0.340196
309.2	0.969597	0.24462
309.3	0.989174	0.1466
309.4	0.998868	0.0471148
309.5	0.998581	-0.0528409
309.6	0.988317	-0.152269
309.7	0.968178	-0.250175
309.8	0.938366	-0.345582
309.9	0.899177	-0.437535
310	0.851005	-0.525117
310.1	0.794329	-0.607453
310.2	0.729717	-0.683718
310.3	0.657813	-0.753153
310.4	0.579337	-0.815062
310.5	0.495072	-0.868827
310.6	0.405861	-0.913911
310.7	0.312595	-0.949864
310.8	0.216205	-0.976326
310.9	0.117655	-0.993033
311	0.0179296	-0.999818
311.1	-0.0819751	-0.996613
311.2	-0.181061	-0.98345
311.3	-0.278337	-0.960461
311.4	-0.372833	-0.927875
311.5	-0.463603	-0.886019
311.6	-0.549741	-0.835309
311.7	-0.630386	-0.776254
311.8	-0.704733	-0.709442
311.9	-0.772038	-0.635542
312	-0.83163	-0.555292
312.1	-0.882912	-0.469493
312.2	-0.925372	-0.379004
312.3	-0.958586	-0.284727
312.4	-0.982222	-0.187606
312.5	-0.996045	-0.0886102
312.6	-0.999915	0.0112709
312.7	-0.993794	0.111039
312.8	-0.977744	0.209698
312.9	-0.951924	0.306262
313	-0.916594	0.399766
313.1	-0.872104	0.489275
313.2	-0.818902	0.573896
313.3	-0.757516	0.652783
313.4	-0.688563	0.725147
313.5	-0.612729	0.790266
313.6	-0.530773	0.847488
313.7	-0.443514	0.896243
313.8	-0.351823	0.936043
313.9	-0.256617	0.966491
