t	y1	y2
0	0	1
0.1	0.1	0.995
0.2	0.199	0.980025
0.3	0.296008	0.955225
0.4	0.39005	0.920848
0.5	0.480185	0.877239
0.6	0.565507	0.824834
0.7	0.645163	0.764159
0.8	0.718353	0.695822
0.9	0.784344	0.620508
1	0.842473	0.538971
1.1	0.892158	0.452029
1.2	0.9329	0.360553
1.3	0.96429	0.26546
1.4	0.986015	0.167704
1.5	0.997855	0.0682636
1.6	0.999692	-0.0318633
1.7	0.991508	-0.131673
1.8	0.973383	-0.230166
1.9	0.945499	-0.326353
2	0.908136	-0.419271
2.1	0.861669	-0.507988
2.2	0.806561	-0.591615
2.3	0.743367	-0.669313
2.4	0.672719	-0.740304
2.5	0.595325	-0.803874
2.6	0.511961	-0.859387
2.7	0.423462	-0.906286
2.8	0.330716	-0.944101
2.9	0.234653	-0.972452
3	0.136234	-0.991055
3.1	0.0364476	-0.999723
3.2	-0.063707	-0.99837
3.3	-0.163225	-0.987007
3.4	-0.26111	-0.965749
3.5	-0.356379	-0.93481
3.6	-0.448078	-0.894498
3.7	-0.535288	-0.845217
3.8	-0.617133	-0.787462
3.9	-0.692794	-0.721812
4	-0.761511	-0.648923
4.1	-0.822596	-0.569528
4.2	-0.875435	-0.484421
4.3	-0.9195	-0.394455
4.4	-0.954348	-0.300533
4.5	-0.97963	-0.203595
4.6	-0.995091	-0.104614
4.7	-1.00058	-0.00458191
4.8	-0.996032	0.0954987
4.9	-0.981502	0.194624
5	-0.957132	0.291802
5.1	-0.923167	0.386056
5.2	-0.879945	0.476442
5.3	-0.827901	0.562055
5.4	-0.767556	0.642034
5.5	-0.699515	0.71558
5.6	-0.62446	0.781953
5.7	-0.543142	0.84049
5.8	-0.456377	0.890601
5.9	-0.365035	0.931786
6	-0.270031	0.963631
6.1	-0.172318	0.985816
6.2	-0.072875	0.998118
6.3	0.0273012	1.00042
6.4	0.127206	0.992683
6.5	0.225838	0.974999
6.6	0.322209	0.94754
6.7	0.415352	0.910582
6.8	0.504334	0.864494
6.9	0.588261	0.809738
7	0.666294	0.746863
7.1	0.737649	0.676499
7.2	0.80161	0.599352
7.3	0.857537	0.516194
7.4	0.904869	0.427859
7.5	0.943131	0.335233
7.6	0.971938	0.239244
7.7	0.991003	0.140854
7.8	1.00013	0.0410493
7.9	0.999238	-0.0591693
8	0.988325	-0.158797
8.1	0.967503	-0.256836
8.2	0.936982	-0.352302
8.3	0.897067	-0.444239
8.4	0.848158	-0.531724
8.5	0.790745	-0.613881
8.6	0.725403	-0.689886
8.7	0.652787	-0.758977
8.8	0.573626	-0.820461
8.9	0.488711	-0.873721
9	0.398896	-0.918224
9.1	0.305079	-0.953522
9.2	0.208201	-0.979262
9.3	0.109234	-0.995186
9.4	0.0091691	-1.00113
9.5	-0.0909901	-0.997045
9.6	-0.19024	-0.982961
9.7	-0.287585	-0.959022
9.8	-0.382049	-0.925468
9.9	-0.472685	-0.882636
10	-0.558586	-0.830954
10.1	-0.638888	-0.770941
10.2	-0.712788	-0.703198
10.3	-0.779544	-0.628403
10.4	-0.838486	-0.547306
10.5	-0.889024	-0.460721
10.6	-0.930651	-0.369515
10.7	-0.96295	-0.274603
10.8	-0.985595	-0.176935
10.9	-0.998361	-0.0774904
11	-1.00112	0.0227331
11.1	-0.993839	0.122731
11.2	-0.976597	0.221501
11.3	-0.949563	0.318054
11.4	-0.91301	0.41142
11.5	-0.867303	0.500664
11.6	-0.8129	0.584891
11.7	-0.750347	0.663256
11.8	-0.680269	0.734975
11.9	-0.603371	0.799327
12	-0.520421	0.855667
12.1	-0.432252	0.903431
12.2	-0.339748	0.942139
12.3	-0.243835	0.971403
12.4	-0.145476	0.99093
12.5	-0.0456555	1.00052
12.6	0.0546251	1.00009
12.7	0.15436	0.989623
12.8	0.252551	0.969238
12.9	0.348212	0.939137
13	0.440385	0.89962
13.1	0.528145	0.851084
13.2	0.610612	0.794014
13.3	0.686961	0.728982
13.4	0.756424	0.656641
13.5	0.818306	0.577716
13.6	0.871986	0.492997
13.7	0.916926	0.403333
13.8	0.952675	0.309624
13.9	0.978874	0.212808
14	0.99526	0.113857
14.1	1.00167	0.0137615
14.2	0.998037	-0.0864743
14.3	0.9844	-0.185846
14.4	0.960893	-0.283356
14.5	0.927753	-0.378029
14.6	0.885311	-0.468914
14.7	0.833993	-0.555101
14.8	0.774313	-0.635724
14.9	0.706869	-0.709977
15	0.632337	-0.777114
15.1	0.551464	-0.836462
15.2	0.465061	-0.887426
15.3	0.373993	-0.929495
15.4	0.279173	-0.962247
15.5	0.181553	-0.985353
15.6	0.0821095	-0.998582
15.7	-0.0181592	-1.0018
15.8	-0.118248	-0.994975
15.9	-0.217155	-0.978175
16	-0.313886	-0.951569
16.1	-0.407474	-0.915422
16.2	-0.496979	-0.870098
16.3	-0.581504	-0.81605
16.4	-0.660201	-0.753819
16.5	-0.732282	-0.68403
16.6	-0.797024	-0.607381
16.7	-0.853777	-0.524642
16.8	-0.901972	-0.436641
16.9	-0.941126	-0.344261
17	-0.970847	-0.248427
17.1	-0.990835	-0.1501
17.2	-1.00089	-0.0502661
17.3	-1.00091	0.0500743
17.4	-0.990901	0.149915
17.5	-0.970955	0.248256
17.6	-0.941275	0.34411
17.7	-0.902157	0.436517
17.8	-0.853995	0.52455
17.9	-0.79727	0.607327
18	-0.732551	0.684017
18.1	-0.660486	0.753852
18.2	-0.581799	0.816131
18.3	-0.497277	0.870231
18.4	-0.407767	0.915607
18.5	-0.314168	0.951806
18.6	-0.217416	0.978464
18.7	-0.118483	0.995313
18.8	-0.018359	1.00218
18.9	0.0819513	0.99901
19	0.181442	0.985819
19.1	0.279117	0.962746
19.2	0.373996	0.930021
19.3	0.465128	0.887971
19.4	0.5516	0.837018
19.5	0.632544	0.777673
19.6	0.707148	0.71053
19.7	0.774665	0.636263
19.8	0.834418	0.555615
19.9	0.885808	0.469395
20	0.928318	0.378467
20.1	0.961523	0.283743
20.2	0.98509	0.186172
20.3	0.998782	0.0867323
20.4	1.00246	-0.0135796
20.5	0.996091	-0.113758
20.6	0.979735	-0.212798
20.7	0.953556	-0.309708
20.8	0.917818	-0.403515
20.9	0.872877	-0.493279
21	0.819185	-0.5781
21.1	0.757279	-0.657128
21.2	0.68778	-0.72957
21.3	0.611384	-0.794701
21.4	0.528857	-0.851865
21.5	0.441026	-0.900492
21.6	0.348772	-0.940092
21.7	0.253019	-0.970269
21.8	0.154727	-0.990719
21.9	0.0548811	-1.00124
22	-0.0455171	-1.00172
22.1	-0.145462	-0.99216
22.2	-0.24395	-0.972653
22.3	-0.339996	-0.943395
22.4	-0.432635	-0.904678
22.5	-0.52094	-0.856891
22.6	-0.604024	-0.800513
22.7	-0.681055	-0.736108
22.8	-0.751261	-0.664322
22.9	-0.813937	-0.585874
23	-0.868454	-0.501551
23.1	-0.914267	-0.412198
23.2	-0.950916	-0.31871
23.3	-0.978032	-0.222025
23.4	-0.995344	-0.123112
23.5	-1.00268	-0.0229615
23.6	-0.999962	0.0774212
23.7	-0.98722	0.17703
23.8	-0.964581	0.274867
23.9	-0.932271	0.369951
24	-0.890615	0.461328
24.1	-0.840029	0.548083
24.2	-0.78102	0.629345
24.3	-0.714181	0.704301
24.4	-0.64018	0.772197
24.5	-0.559759	0.832354
24.6	-0.473725	0.884168
24.7	-0.382939	0.92712
24.8	-0.288313	0.960778
24.9	-0.190793	0.984806
25	-0.0913587	0.998961
25.1	0.00899421	1.0031
25.2	0.109259	0.997187
25.3	0.208432	0.981275
25.4	0.305517	0.955526
25.5	0.399542	0.920196
25.6	0.489564	0.875641
25.7	0.57468	0.822307
25.8	0.654038	0.760727
25.9	0.72684	0.69152
26	0.792358	0.615378
26.1	0.849934	0.533065
26.2	0.898991	0.445407
26.3	0.939036	0.35328
26.4	0.969669	0.25761
26.5	0.990582	0.159355
26.6	1.00156	0.0595004
26.7	1.00251	-0.0409536
26.8	0.993399	-0.141
26.9	0.974332	-0.239634
27	0.945497	-0.335869
27.1	0.907183	-0.42874
27.2	0.859773	-0.517314
27.3	0.803742	-0.600705
27.4	0.739653	-0.678076
27.5	0.668147	-0.748651
27.6	0.589941	-0.811722
27.7	0.50582	-0.866658
27.8	0.416625	-0.912906
27.9	0.323251	-0.950004
28	0.226634	-0.977579
28.1	0.127743	-0.995355
28.2	0.0275689	-1.00315
28.3	-0.0728842	-1.00089
28.4	-0.172609	-0.988601
28.5	-0.270606	-0.966397
28.6	-0.365893	-0.934504
28.7	-0.457514	-0.893242
28.8	-0.54455	-0.843025
28.9	-0.62613	-0.784355
29	-0.701435	-0.71782
29.1	-0.76971	-0.644087
29.2	-0.83027	-0.563896
29.3	-0.882508	-0.478049
29.4	-0.925901	-0.387408
29.5	-0.960012	-0.292881
29.6	-0.9845	-0.195416
29.7	-0.999119	-0.0959886
29.8	-1.00372	0.00440328
29.9	-0.998263	0.104753
30	-0.982797	0.204056
30.1	-0.957477	0.301315
30.2	-0.922558	0.395557
30.3	-0.87839	0.485835
30.4	-0.825414	0.571244
30.5	-0.764163	0.65093
30.6	-0.695249	0.724091
30.7	-0.619364	0.789996
30.8	-0.537267	0.847982
30.9	-0.449783	0.897469
31	-0.357787	0.93796
31.1	-0.262202	0.969049
31.2	-0.163986	0.990424
31.3	-0.0641238	1.00187
31.4	0.0363838	1.00327
31.5	0.136529	0.994618
31.6	0.235308	0.975992
31.7	0.331731	0.947582
31.8	0.424831	0.909671
31.9	0.513674	0.862639
32	0.597369	0.806959
32.1	0.675078	0.743187
32.2	0.746021	0.671963
32.3	0.809488	0.594001
32.4	0.86484	0.510082
32.5	0.911524	0.421048
32.6	0.949071	0.32779
32.7	0.977105	0.231244
32.8	0.995344	0.132377
32.9	1.00361	0.0321812
33	1.00181	-0.0683402
33.1	0.989962	-0.168179
33.2	0.968194	-0.266334
33.3	0.93672	-0.361822
33.4	0.895854	-0.453685
33.5	0.846006	-0.541002
33.6	0.787676	-0.622898
33.7	0.721448	-0.698551
33.8	0.647986	-0.767203
33.9	0.568026	-0.828165
34	0.482369	-0.880827
34.1	0.391874	-0.92466
34.2	0.297449	-0.959224
34.3	0.200039	-0.984173
34.4	0.100622	-0.999256
34.5	0.000193134	-1.00432
34.6	-0.10024	-0.999319
34.7	-0.199671	-0.984299
34.8	-0.297102	-0.95941
34.9	-0.391558	-0.924903
35	-0.48209	-0.881123
35.1	-0.567792	-0.828508
35.2	-0.647804	-0.767586
35.3	-0.721324	-0.698968
35.4	-0.787614	-0.623341
35.5	-0.84601	-0.541463
35.6	-0.895926	-0.454154
35.7	-0.936862	-0.362291
35.8	-0.968407	-0.266793
35.9	-0.990244	-0.168619
36	-1.00215	-0.0687513
36.1	-1.00402	0.0318079
36.2	-0.995818	0.132051
36.3	-0.977634	0.230972
36.4	-0.949648	0.327581
36.5	-0.912142	0.420908
36.6	-0.865491	0.510017
36.7	-0.810161	0.594016
36.8	-0.746709	0.672063
36.9	-0.675769	0.743373
37	-0.598053	0.807233
37.1	-0.514339	0.863002
37.2	-0.425468	0.910121
37.3	-0.332328	0.948117
37.4	-0.235855	0.97661
37.5	-0.137014	0.995312
37.6	-0.0367982	1.00404
37.7	0.0637895	1.0027
37.8	0.16374	0.991304
37.9	0.262052	0.969974
38	0.357739	0.938919
38.1	0.449842	0.89845
38.2	0.537438	0.848974
38.3	0.619648	0.790985
38.4	0.695648	0.725065
38.5	0.764677	0.651875
38.6	0.826041	0.572148
38.7	0.879125	0.486683
38.8	0.923398	0.396337
38.9	0.958415	0.302016
39	0.983824	0.204664
39.1	0.999372	0.105258
39.2	1.0049	0.00479495
39.3	1.00036	-0.0957191
39.4	0.985782	-0.195276
39.5	0.961325	-0.292878
39.6	0.927231	-0.387546
39.7	0.88384	-0.478331
39.8	0.831588	-0.564324
39.9	0.770998	-0.644661
40	0.702676	-0.718537
40.1	0.627309	-0.785212
40.2	0.545652	-0.844017
40.3	0.458522	-0.894362
40.4	0.366793	-0.935743
40.5	0.271385	-0.967743
40.6	0.173253	-0.990043
40.7	0.0733827	-1.00242
40.8	-0.027226	-1.00474
40.9	-0.127564	-0.996998
41	-0.226626	-0.979256
41.1	-0.323419	-0.951698
41.2	-0.416971	-0.914597
41.3	-0.506346	-0.868327
41.4	-0.590647	-0.813351
41.5	-0.669029	-0.750219
41.6	-0.740706	-0.679565
41.7	-0.804959	-0.602097
41.8	-0.861144	-0.518591
41.9	-0.908697	-0.429883
42	-0.947142	-0.336864
42.1	-0.976093	-0.240466
42.2	-0.995259	-0.141654
42.3	-1.00445	-0.0414198
42.4	-1.00357	0.059232
42.5	-0.992626	0.159293
42.6	-0.971734	0.257759
42.7	-0.9411	0.353643
42.8	-0.90103	0.445985
42.9	-0.851926	0.533858
43	-0.794281	0.616382
43.1	-0.728671	0.692728
43.2	-0.655755	0.762131
43.3	-0.576263	0.823896
43.4	-0.490992	0.877403
43.5	-0.400797	0.922115
43.6	-0.306581	0.957584
43.7	-0.20929	0.983454
43.8	-0.109898	0.999466
43.9	-0.00940208	1.00546
44	0.0911908	1.00137
44.1	0.190872	0.987246
44.2	0.288642	0.963222
44.3	0.383521	0.929542
44.4	0.474558	0.886542
44.5	0.560839	0.834653
44.6	0.6415	0.774396
44.7	0.715732	0.706374
44.8	0.782791	0.631269
44.9	0.842004	0.549834
45	0.892778	0.462884
45.1	0.934602	0.371292
45.2	0.967058	0.275975
45.3	0.98982	0.17789
45.4	1.00266	0.0780181
45.5	1.00545	-0.022638
45.6	0.998158	-0.12307
45.7	0.98086	-0.22227
45.8	0.953729	-0.319245
45.9	0.917036	-0.413021
46	0.871148	-0.50266
46.1	0.816527	-0.587261
46.2	0.753718	-0.665978
46.3	0.683351	-0.73802
46.4	0.606133	-0.802665
46.5	0.522836	-0.859265
46.6	0.434295	-0.907252
46.7	0.341398	-0.946145
46.8	0.245077	-0.975554
46.9	0.146296	-0.995184
47	0.046046	-1.00484
47.1	-0.054668	-1.00442
47.2	-0.154836	-0.993929
47.3	-0.253455	-0.973476
47.4	-0.349536	-0.943263
47.5	-0.442114	-0.903593
47.6	-0.530263	-0.854864
47.7	-0.613098	-0.797563
47.8	-0.689789	-0.732266
47.9	-0.759566	-0.659625
48	-0.821731	-0.580371
48.1	-0.87566	-0.495296
48.2	-0.920811	-0.405253
48.3	-0.956732	-0.311146
48.4	-0.983063	-0.213917
48.5	-0.999539	-0.114541
48.6	-1.006	-0.0140144
48.7	-1.00237	0.0866552
48.8	-0.98869	0.186459
48.9	-0.965101	0.284395
49	-0.931836	0.379483
49.1	-0.889228	0.47077
49.2	-0.837705	0.557339
49.3	-0.777783	0.638322
49.4	-0.710061	0.712909
49.5	-0.63522	0.780351
49.6	-0.554009	0.839971
49.7	-0.467242	0.891172
49.8	-0.375789	0.93344
49.9	-0.280566	0.966352
50	-0.182528	0.989577
50.1	-0.0826572	1.00288
50.2	0.0180442	1.00613
50.3	0.118567	0.999298
50.4	0.217904	0.982445
50.5	0.315059	0.955742
50.6	0.409058	0.919457
50.7	0.498958	0.873954
50.8	0.583859	0.819689
50.9	0.662909	0.757204
51	0.735315	0.687127
51.1	0.800351	0.61016
51.2	0.857365	0.527074
51.3	0.905786	0.438702
51.4	0.945127	0.34593
51.5	0.974994	0.249688
51.6	0.995088	0.15094
51.7	1.00521	0.0506767
51.8	1.00525	-0.0500974
51.9	0.995212	-0.150372
52	0.975199	-0.249141
52.1	0.945409	-0.345415
52.2	0.90614	-0.438229
52.3	0.857787	-0.526652
52.4	0.800833	-0.609797
52.5	0.735849	-0.686832
52.6	0.663486	-0.756982
52.7	0.584471	-0.819546
52.8	0.499594	-0.873896
52.9	0.409706	-0.919485
53	0.315709	-0.955859
53.1	0.218545	-0.98265
53.2	0.119187	-0.999591
53.3	0.0186319	-1.00651
53.4	-0.0821125	-1.00334
53.5	-0.182036	-0.990115
53.6	-0.280138	-0.966961
53.7	-0.375433	-0.934112
53.8	-0.466967	-0.891898
53.9	-0.553822	-0.840742
54	-0.635127	-0.781156
54.1	-0.710067	-0.713738
54.2	-0.77789	-0.639162
54.3	-0.837917	-0.558177
54.4	-0.889545	-0.471595
54.5	-0.932257	-0.380282
54.6	-0.965624	-0.285155
54.7	-0.989312	-0.187167
54.8	-1.00308	-0.0873
54.9	-1.0068	0.0134446
55	-1.00042	0.114057
55.1	-0.98401	0.213529
55.2	-0.957737	0.310862
55.3	-0.921862	0.405081
55.4	-0.876745	0.495242
55.5	-0.822837	0.58044
55.6	-0.760679	0.659822
55.7	-0.690893	0.732591
55.8	-0.61418	0.798017
55.9	-0.531307	0.855445
56	-0.443106	0.904298
56.1	-0.350461	0.944087
56.2	-0.2543	0.974413
56.3	-0.155587	0.994971
56.4	-0.0553117	1.00555
56.5	0.0455203	1.00606
56.6	0.145899	0.996476
56.7	0.244817	0.976904
56.8	0.341283	0.947537
56.9	0.43433	0.908671
57	0.523026	0.860695
57.1	0.60648	0.804089
57.2	0.683857	0.739421
57.3	0.754379	0.667338
57.4	0.817341	0.588563
57.5	0.872111	0.503886
57.6	0.918139	0.414156
57.7	0.954964	0.320271
57.8	0.982216	0.223173
57.9	0.999622	0.123836
58	1.00701	0.0232544
58.1	1.0043	-0.0775627
58.2	0.99152	-0.177605
58.3	0.968802	-0.275869
58.4	0.936371	-0.37137
58.5	0.894553	-0.46315
58.6	0.843765	-0.550289
58.7	0.784517	-0.631914
58.8	0.717403	-0.707207
58.9	0.643095	-0.775411
59	0.562339	-0.835843
59.1	0.475943	-0.887898
59.2	0.384773	-0.931053
59.3	0.289744	-0.964875
59.4	0.191808	-0.989025
59.5	0.0919464	-1.00326
59.6	-0.00883935	-1.00744
59.7	-0.109539	-1.00152
59.8	-0.209143	-0.985556
59.9	-0.306653	-0.959714
60	-0.401091	-0.92425
60.1	-0.491511	-0.87952
60.2	-0.577005	-0.825971
60.3	-0.656717	-0.764141
60.4	-0.729848	-0.694648
60.5	-0.795663	-0.61819
60.6	-0.853504	-0.535533
60.7	-0.90279	-0.447505
60.8	-0.943027	-0.354989
60.9	-0.97381	-0.258911
61	-0.994832	-0.160235
61.1	-1.00588	-0.059951
61.2	-1.00685	0.040937
61.3	-0.997719	0.141417
61.4	-0.978589	0.240482
61.5	-0.949648	0.337138
61.6	-0.911186	0.430417
61.7	-0.863588	0.519384
61.8	-0.807332	0.603146
61.9	-0.742981	0.680863
62	-0.671179	0.751757
62.1	-0.592648	0.815116
62.2	-0.508173	0.870305
62.3	-0.418602	0.916771
62.4	-0.324831	0.954048
62.5	-0.227803	0.98176
62.6	-0.128487	0.999632
62.7	-0.0278818	1.00748
62.8	0.0730058	1.00523
62.9	0.173164	0.992906
63	0.271589	0.970626
63.1	0.367294	0.938614
63.2	0.459318	0.897191
63.3	0.546741	0.846773
63.4	0.628685	0.787865
63.5	0.704328	0.721058
63.6	0.772912	0.647019
63.7	0.833749	0.566493
63.8	0.88623	0.480286
63.9	0.929827	0.389261
64	0.964104	0.294332
64.1	0.988717	0.19645
64.2	1.00342	0.0965964
64.3	1.00806	-0.00422846
64.4	1.0026	-0.105013
64.5	0.987083	-0.204748
64.6	0.961673	-0.302433
64.7	0.926622	-0.397088
64.8	0.88228	-0.487765
64.9	0.829092	-0.573554
65	0.767591	-0.653595
65.1	0.698394	-0.727086
65.2	0.622193	-0.79329
65.3	0.539753	-0.851543
65.4	0.4519	-0.901261
65.5	0.359514	-0.941944
65.6	0.263522	-0.973186
65.7	0.164886	-0.994672
65.8	0.0645944	-1.00619
65.9	-0.0363473	-1.00762
66	-0.136927	-0.998943
66.1	-0.236137	-0.980256
66.2	-0.332982	-0.951741
66.3	-0.426491	-0.913684
66.4	-0.515727	-0.866466
66.5	-0.599795	-0.810561
66.6	-0.677852	-0.746529
66.7	-0.749116	-0.675011
66.8	-0.812871	-0.596725
66.9	-0.868479	-0.512454
67	-0.915382	-0.423044
67.1	-0.95311	-0.32939
67.2	-0.981283	-0.232432
67.3	-0.99962	-0.133142
67.4	-1.00794	-0.0325141
67.5	-1.00615	0.0684421
67.6	-0.994273	0.168715
67.7	-0.97243	0.267298
67.8	-0.940838	0.363205
67.9	-0.899813	0.455473
68	-0.849767	0.543177
68.1	-0.791201	0.625438
68.2	-0.724701	0.70143
68.3	-0.650934	0.770393
68.4	-0.57064	0.831635
68.5	-0.484624	0.884541
68.6	-0.393746	0.92858
68.7	-0.29892	0.963312
68.8	-0.201094	0.988387
68.9	-0.10125	1.00355
69	-0.000387938	1.00866
69.1	0.10048	1.00366
69.2	0.200344	0.988591
69.3	0.298201	0.963614
69.4	0.393071	0.928976
69.5	0.484004	0.885024
69.6	0.570086	0.832198
69.7	0.650455	0.771029
69.8	0.724306	0.702128
69.9	0.790897	0.626187
70	0.849561	0.543966
70.1	0.89971	0.45629
70.2	0.940841	0.364038
70.3	0.97254	0.268133
70.4	0.994491	0.169539
70.5	1.00647	0.069242
70.6	1.00836	-0.0317515
70.7	1.00015	-0.132429
70.8	0.981904	-0.231782
70.9	0.953816	-0.328813
71	0.916165	-0.422551
71.1	0.86933	-0.512054
71.2	0.813777	-0.596427
71.3	0.750066	-0.674823
71.4	0.678833	-0.746455
71.5	0.600794	-0.810606
71.6	0.516729	-0.866633
71.7	0.427482	-0.913972
71.8	0.333947	-0.952151
71.9	0.237063	-0.980785
72	0.137799	-0.999587
72.1	0.0371511	-1.00837
72.2	-0.0638715	-1.00704
72.3	-0.164256	-0.99562
72.4	-0.262997	-0.974216
72.5	-0.359104	-0.943045
72.6	-0.451613	-0.90242
72.7	-0.539597	-0.852746
72.8	-0.622173	-0.794523
72.9	-0.698515	-0.728333
73	-0.767855	-0.65484
73.1	-0.8295	-0.57478
73.2	-0.882831	-0.488956
73.3	-0.927312	-0.398228
73.4	-0.962498	-0.303506
73.5	-0.988037	-0.205739
73.6	-1.00367	-0.105906
73.7	-1.00924	-0.00500976
73.8	-1.0047	0.0959395
73.9	-0.99008	0.19593
74	-0.965536	0.293958
74.1	-0.931313	0.389042
74.2	-0.887752	0.480228
74.3	-0.835291	0.566602
74.4	-0.774454	0.647298
74.5	-0.705852	0.721507
74.6	-0.630172	0.788485
74.7	-0.548173	0.847559
74.8	-0.460676	0.898139
74.9	-0.368559	0.939716
75	-0.272744	0.971873
75.1	-0.174193	0.994288
75.2	-0.0738935	1.00674
75.3	0.0271496	1.00909
75.4	0.127923	1.00133
75.5	0.227417	0.983532
75.6	0.324633	0.955873
75.7	0.418597	0.91863
75.8	0.508367	0.872178
75.9	0.593043	0.81698
76	0.671776	0.753591
76.1	0.743776	0.682645
76.2	0.808321	0.604854
76.3	0.864765	0.520998
76.4	0.912541	0.431917
76.5	0.95117	0.338503
76.6	0.980265	0.241693
76.7	0.999533	0.142458
76.8	1.00878	0.0417928
76.9	1.00792	-0.0592942
77	0.996947	-0.159789
77.1	0.975983	-0.258685
77.2	0.945235	-0.35499
77.3	0.90501	-0.447739
77.4	0.855711	-0.536001
77.5	0.797832	-0.618892
77.6	0.731954	-0.695581
77.7	0.658736	-0.765298
77.8	0.578913	-0.827345
77.9	0.493284	-0.8811
78	0.402707	-0.926023
78.1	0.308091	-0.961663
78.2	0.210384	-0.987664
78.3	0.110566	-1.00376
78.4	0.0096369	-1.0098
78.5	-0.0913915	-1.00572
78.6	-0.191506	-0.991549
78.7	-0.289704	-0.967441
78.8	-0.384999	-0.933633
78.9	-0.476437	-0.890465
79	-0.563102	-0.838369
79.1	-0.644123	-0.777867
79.2	-0.718689	-0.709565
79.3	-0.786052	-0.634149
79.4	-0.845537	-0.552373
79.5	-0.896546	-0.465057
79.6	-0.938569	-0.373077
79.7	-0.971184	-0.277355
79.8	-0.994064	-0.17885
79.9	-1.00698	-0.0785489
80	-1.0098	0.0225417
80.1	-1.0025	0.123409
80.2	-0.985142	0.223041
80.3	-0.957912	0.32044
80.4	-0.921079	0.414629
80.5	-0.87501	0.504664
80.6	-0.820169	0.589642
80.7	-0.757104	0.66871
80.8	-0.686447	0.741077
80.9	-0.608907	0.806017
81	-0.525261	0.862877
81.1	-0.436347	0.911089
81.2	-0.343056	0.950168
81.3	-0.246324	0.979723
81.4	-0.14712	0.999457
81.5	-0.0464391	1.00917
81.6	0.0547103	1.00877
81.7	0.155314	0.998255
81.8	0.254363	0.977732
81.9	0.350864	0.947407
82	0.44385	0.907584
82.1	0.532389	0.858661
82.2	0.615594	0.801129
82.3	0.692628	0.735564
82.4	0.762722	0.662623
82.5	0.82517	0.583038
82.6	0.879348	0.497605
82.7	0.924712	0.407182
82.8	0.960807	0.312675
82.9	0.98727	0.215031
83	1.00384	0.115229
83.1	1.01034	0.0142693
83.2	1.00672	-0.0868361
83.3	0.992999	-0.187074
83.4	0.969326	-0.285438
83.5	0.935936	-0.380944
83.6	0.893162	-0.472632
83.7	0.841433	-0.559585
83.8	0.781267	-0.640931
83.9	0.713268	-0.715853
84	0.638116	-0.7836
84.1	0.556566	-0.843494
84.2	0.469433	-0.894933
84.3	0.377593	-0.937402
84.4	0.281965	-0.970474
84.5	0.183507	-0.993818
84.6	0.0832081	-1.0072
84.7	-0.0179279	-1.01048
84.8	-0.118887	-1.00364
84.9	-0.218656	-0.986733
85	-0.316236	-0.959933
85.1	-0.410648	-0.92351
85.2	-0.500946	-0.877828
85.3	-0.586224	-0.823344
85.4	-0.665627	-0.760605
85.5	-0.73836	-0.690239
85.6	-0.803692	-0.612952
85.7	-0.860969	-0.529518
85.8	-0.909615	-0.440773
85.9	-0.949145	-0.347608
86	-0.97916	-0.250955
86.1	-0.99936	-0.151785
86.2	-1.00954	-0.0510898
86.3	-1.0096	0.0501197
86.4	-0.999542	0.150829
86.5	-0.979462	0.250029
86.6	-0.949562	0.346726
86.7	-0.910141	0.439948
86.8	-0.861596	0.528762
86.9	-0.804411	0.612278
87	-0.739162	0.689658
87.1	-0.6665	0.760126
87.2	-0.587155	0.822975
87.3	-0.501922	0.877576
87.4	-0.411654	0.92338
87.5	-0.317258	0.959929
87.6	-0.219679	0.986855
87.7	-0.119895	1.00389
87.8	-0.0189068	1.01086
87.9	0.0822736	1.00769
88	0.182632	0.994429
88.1	0.281161	0.971194
88.2	0.376875	0.938222
88.3	0.468813	0.895843
88.4	0.556053	0.844483
88.5	0.637721	0.784655
88.6	0.712998	0.716959
88.7	0.781129	0.642075
88.8	0.841431	0.560752
88.9	0.893299	0.473805
89	0.936213	0.382106
89.1	0.969742	0.286574
89.2	0.993551	0.188167
89.3	1.0074	0.087871
89.4	1.01115	-0.0133083
89.5	1.00476	-0.114357
89.6	0.988304	-0.214261
89.7	0.961936	-0.31202
89.8	0.925925	-0.406654
89.9	0.88063	-0.497213
90	0.826505	-0.58279
90.1	0.764094	-0.662527
90.2	0.69402	-0.735623
90.3	0.616988	-0.801347
90.4	0.533768	-0.859039
90.5	0.445196	-0.908121
90.6	0.352157	-0.9481
90.7	0.255587	-0.978575
90.8	0.156451	-0.999241
90.9	0.0557449	-1.00989
91	-0.0455228	-1.01041
91.1	-0.146337	-1.00081
91.2	-0.245686	-0.981173
91.3	-0.342575	-0.951698
91.4	-0.436032	-0.912682
91.5	-0.52512	-0.864516
91.6	-0.608946	-0.807681
91.7	-0.686669	-0.742748
91.8	-0.757511	-0.670368
91.9	-0.82076	-0.591265
92	-0.875783	-0.506232
92.1	-0.922027	-0.416123
92.2	-0.959029	-0.32184
92.3	-0.986418	-0.224327
92.4	-1.00392	-0.124564
92.5	-1.01136	-0.0235494
92.6	-1.00865	0.0777039
92.7	-0.99584	0.178181
92.8	-0.973043	0.276874
92.9	-0.94049	0.372794
93	-0.898508	0.464979
93.1	-0.847518	0.552505
93.2	-0.78803	0.634494
93.3	-0.72064	0.710124
93.4	-0.646024	0.778638
93.5	-0.564931	0.839347
93.6	-0.478171	0.891643
93.7	-0.386616	0.935002
93.8	-0.291183	0.968989
93.9	-0.192828	0.993262
94	-0.0925376	1.00758
94.1	0.00868298	1.01179
94.2	0.109819	1.00587
94.3	0.209857	0.989856
94.4	0.307793	0.963921
94.5	0.402646	0.928322
94.6	0.493465	0.883416
94.7	0.579339	0.829652
94.8	0.659408	0.76757
94.9	0.732868	0.697792
95	0.798983	0.621016
95.1	0.857089	0.538012
95.2	0.906605	0.449613
95.3	0.947033	0.356705
95.4	0.977969	0.260218
95.5	0.999101	0.16112
95.6	1.01022	0.0604043
95.7	1.01121	-0.0409194
95.8	1.00206	-0.141835
95.9	0.982865	-0.241332
96	0.953817	-0.338412
96.1	0.915207	-0.432102
96.2	0.867421	-0.521462
96.3	0.810937	-0.605597
96.4	0.746323	-0.683662
96.5	0.674225	-0.754876
96.6	0.595367	-0.818525
96.7	0.510537	-0.873969
96.8	0.420588	-0.920652
96.9	0.32642	-0.958108
97	0.228977	-0.985959
97.1	0.129236	-1.00393
97.2	0.0281969	-1.01183
97.3	-0.0731272	-1.00959
97.4	-0.173721	-0.997231
97.5	-0.272575	-0.974873
97.6	-0.3687	-0.942741
97.7	-0.46113	-0.901157
97.8	-0.54894	-0.850538
97.9	-0.631249	-0.791392
98	-0.707232	-0.72431
98.1	-0.776127	-0.649965
98.2	-0.837243	-0.569102
98.3	-0.889967	-0.482533
98.4	-0.93377	-0.391123
98.5	-0.968214	-0.295791
98.6	-0.992952	-0.19749
98.7	-1.00774	-0.0972076
98.8	-1.01242	0.00405204
98.9	-1.00695	0.105274
99	-0.991389	0.205442
99.1	-0.965888	0.303554
99.2	-0.930703	0.398625
99.3	-0.886187	0.489702
99.4	-0.832786	0.575872
99.5	-0.771035	0.656272
99.6	-0.701552	0.730094
99.7	-0.625035	0.796598
99.8	-0.54225	0.855119
99.9	-0.454027	0.905068
100	-0.36125	0.945946
100.1	-0.264849	0.977341
100.2	-0.165791	0.998939
100.3	-0.0650679	1.01052
100.4	0.0363098	1.01198
100.5	0.137326	1.00329
100.6	0.236968	0.984538
100.7	0.334237	0.955918
100.8	0.428158	0.917715
100.9	0.517788	0.870311
101	0.60223	0.81418
101.1	0.680637	0.749886
101.2	0.752223	0.678073
101.3	0.816269	0.599461
101.4	0.872134	0.514836
101.5	0.919257	0.425049
101.6	0.957165	0.330998
101.7	0.985479	0.233626
101.8	1.00391	0.13391
101.9	1.01229	0.0328493
102	1.01051	-0.0685436
102.1	0.998603	-0.169252
102.2	0.976684	-0.268266
102.3	0.944974	-0.364593
102.4	0.90379	-0.457267
102.5	0.853545	-0.54536
102.6	0.794741	-0.627988
102.7	0.727968	-0.704322
102.8	0.653896	-0.773597
102.9	0.573267	-0.835119
103	0.486889	-0.88827
103.1	0.395627	-0.932517
103.2	0.300398	-0.967418
103.3	0.202154	-0.99262
103.4	0.101881	-1.00787
103.5	0.000584422	-1.01302
103.6	-0.100721	-1.00801
103.7	-0.201018	-0.992902
103.8	-0.299304	-0.967836
103.9	-0.394591	-0.933067
104	-0.485924	-0.888942
104.1	-0.572389	-0.835905
104.2	-0.653118	-0.774487
104.3	-0.727301	-0.705302
104.4	-0.794194	-0.629046
104.5	-0.853128	-0.546481
104.6	-0.90351	-0.458436
104.7	-0.944836	-0.365793
104.8	-0.976692	-0.26948
104.9	-0.998756	-0.170464
105	-1.01081	-0.0697356
105.1	-1.01273	0.0316939
105.2	-1.0045	0.132808
105.3	-0.986192	0.232594
105.4	-0.958002	0.33005
105.5	-0.920207	0.4242
105.6	-0.873185	0.5141
105.7	-0.81741	0.598848
105.8	-0.753438	0.677594
105.9	-0.681911	0.74955
106	-0.603547	0.813993
106.1	-0.51913	0.870278
106.2	-0.429506	0.91784
106.3	-0.335575	0.956201
106.4	-0.238277	0.984978
106.5	-0.138587	1.00388
106.6	-0.0375064	1.01272
106.7	0.0639531	1.01141
106.8	0.164774	0.999954
106.9	0.263946	0.978477
107	0.360474	0.94719
107.1	0.45339	0.906407
107.2	0.541764	0.856536
107.3	0.624709	0.798077
107.4	0.701393	0.731616
107.5	0.771047	0.657818
107.6	0.832974	0.577424
107.7	0.886552	0.49124
107.8	0.931243	0.400129
107.9	0.966599	0.305004
108	0.992267	0.206819
108.1	1.00799	0.106558
108.2	1.0136	0.00522633
108.3	1.00906	-0.0961601
108.4	0.994397	-0.196585
108.5	0.969766	-0.295042
108.6	0.935413	-0.390543
108.7	0.891682	-0.482132
108.8	0.83901	-0.568889
108.9	0.777926	-0.649946
109	0.709042	-0.724489
109.1	0.633048	-0.791771
109.2	0.550705	-0.851116
109.3	0.46284	-0.901931
109.4	0.370333	-0.943706
109.5	0.274111	-0.976021
109.6	0.175138	-0.998552
109.7	0.0744073	-1.01107
109.8	-0.027072	-1.01346
109.9	-0.128282	-1.00568
110	-0.228209	-0.987827
110.1	-0.325851	-0.960067
110.2	-0.420228	-0.922681
110.3	-0.510395	-0.876045
110.4	-0.595448	-0.820625
110.5	-0.674533	-0.756977
110.6	-0.746858	-0.685739
110.7	-0.811698	-0.607625
110.8	-0.868402	-0.523417
110.9	-0.916402	-0.433959
111	-0.955215	-0.340149
111.1	-0.984454	-0.242927
111.2	-1.00382	-0.143267
111.3	-1.01313	-0.0421683
111.4	-1.01228	0.0593558
111.5	-1.00129	0.160287
111.6	-0.980251	0.259615
111.7	-0.949389	0.356342
111.8	-0.909008	0.449499
111.9	-0.859513	0.538152
112	-0.8014	0.621413
112.1	-0.735252	0.698445
112.2	-0.661731	0.768478
112.3	-0.581574	0.830809
112.4	-0.495586	0.884813
112.5	-0.404626	0.929947
112.6	-0.309609	0.96576
112.7	-0.211484	0.991892
112.8	-0.111238	1.00808
112.9	-0.00987358	1.01416
113	0.0915922	1.01008
113.1	0.192142	0.995871
113.2	0.290769	0.971678
113.3	0.386483	0.937742
113.4	0.478324	0.894405
113.5	0.565373	0.842101
113.6	0.646757	0.781353
113.7	0.721658	0.712771
113.8	0.789327	0.637041
113.9	0.849084	0.554923
114	0.900331	0.46724
114.1	0.942554	0.374871
114.2	0.975328	0.278741
114.3	0.998325	0.179814
114.4	1.01132	0.0790829
114.5	1.01417	-0.0224441
114.6	1.00685	-0.123749
114.7	0.989443	-0.223815
114.8	0.962114	-0.32164
114.9	0.925139	-0.416243
115	0.878889	-0.506676
115.1	0.823827	-0.592032
115.2	0.760505	-0.671454
115.3	0.689557	-0.744147
115.4	0.611694	-0.809382
115.5	0.527698	-0.866505
115.6	0.438409	-0.914942
115.7	0.344722	-0.954208
115.8	0.247578	-0.983909
115.9	0.147949	-1.00375
116	0.0468347	-1.01352
116.1	-0.0547519	-1.01314
116.2	-0.155792	-1.0026
116.3	-0.255273	-0.982007
116.4	-0.352197	-0.951569
116.5	-0.445593	-0.911592
116.6	-0.534524	-0.862474
116.7	-0.618099	-0.80471
116.8	-0.69548	-0.738876
116.9	-0.76589	-0.665634
117	-0.828624	-0.585717
117.1	-0.883052	-0.499926
117.2	-0.92863	-0.409121
117.3	-0.964899	-0.314212
117.4	-0.991495	-0.216151
117.5	-1.00815	-0.115921
117.6	-1.0147	-0.0145261
117.7	-1.01108	0.087017
117.8	-0.997326	0.18769
117.9	-0.973571	0.286484
118	-0.940054	0.382409
118.1	-0.897113	0.474502
118.2	-0.845177	0.561841
118.3	-0.784767	0.64355
118.4	-0.716489	0.718809
118.5	-0.641025	0.786864
118.6	-0.559134	0.847032
118.7	-0.471635	0.89871
118.8	-0.379406	0.94138
118.9	-0.283371	0.974614
119	-0.184492	0.998078
119.1	-0.0837623	1.01154
119.2	0.0178102	1.01486
119.3	0.119207	1.008
119.4	0.219411	0.991039
119.5	0.317417	0.964143
119.6	0.412245	0.92758
119.7	0.502941	0.881718
119.8	0.588599	0.827015
119.9	0.668357	0.76402
120	0.741417	0.693365
120.1	0.807047	0.615756
120.2	0.864587	0.531973
120.3	0.913461	0.442854
120.4	0.95318	0.349294
120.5	0.983343	0.252229
120.6	1.00365	0.152634
120.7	1.01389	0.0515056
120.8	1.01398	-0.0501414
120.9	1.00389	-0.151288
121	0.983743	-0.250921
121.1	0.953732	-0.348041
121.2	0.91416	-0.441674
121.3	0.865421	-0.530881
121.4	0.808006	-0.614769
121.5	0.742489	-0.692496
121.6	0.669527	-0.763282
121.7	0.589851	-0.826418
121.8	0.50426	-0.881272
121.9	0.413612	-0.927291
122	0.318815	-0.964016
122.1	0.220819	-0.991077
122.2	0.120607	-1.0082
122.3	0.0191837	-1.01522
122.4	-0.0824345	-1.01207
122.5	-0.183229	-0.998762
122.6	-0.282189	-0.975445
122.7	-0.378323	-0.942349
122.8	-0.470666	-0.899805
122.9	-0.558293	-0.84824
123	-0.640326	-0.788169
123.1	-0.715941	-0.720196
123.2	-0.784381	-0.645001
123.3	-0.844959	-0.563338
123.4	-0.897068	-0.476025
123.5	-0.940185	-0.383938
123.6	-0.973878	-0.288
123.7	-0.997808	-0.189172
123.8	-1.01174	-0.0884454
123.9	-1.01552	0.0131705
124	-1.00913	0.114657
124.1	-0.992616	0.214996
124.2	-0.966154	0.313183
124.3	-0.930005	0.408233
124.4	-0.884531	0.499192
124.5	-0.83019	0.585149
124.6	-0.767524	0.665242
124.7	-0.697162	0.738668
124.8	-0.619809	0.804691
124.9	-0.536241	0.862649
125	-0.447295	0.91196
125.1	-0.353863	0.952129
125.2	-0.25688	0.982755
125.3	-0.15732	1.00353
125.4	-0.0561809	1.01424
125.5	0.0455244	1.01479
125.6	0.146776	1.00516
125.7	0.246558	0.985461
125.8	0.343872	0.955877
125.9	0.43774	0.916711
126	0.527222	0.868353
126.1	0.611422	0.811289
126.2	0.689493	0.746091
126.3	0.760655	0.673411
126.4	0.824193	0.593978
126.5	0.87947	0.508589
126.6	0.925931	0.418099
126.7	0.963112	0.323416
126.8	0.990638	0.225487
126.9	1.00823	0.125296
127	1.01572	0.0238465
127.1	1.01303	-0.0778449
127.2	1.00018	-0.178758
127.3	0.977301	-0.277882
127.4	0.944627	-0.374223
127.5	0.902481	-0.466815
127.6	0.851287	-0.554729
127.7	0.791558	-0.637084
127.8	0.723892	-0.713054
127.9	0.648967	-0.781878
128	0.567534	-0.842865
128.1	0.48041	-0.895404
128.2	0.388467	-0.938968
128.3	0.292628	-0.97312
128.4	0.193853	-0.997518
128.5	0.0931321	-1.01192
128.6	-0.00852509	-1.01617
128.7	-0.110099	-1.01024
128.8	-0.210572	-0.994174
128.9	-0.308937	-0.968146
129	-0.404207	-0.932412
129.1	-0.495427	-0.887329
129.2	-0.581683	-0.83335
129.3	-0.662109	-0.771015
129.4	-0.7359	-0.700949
129.5	-0.802316	-0.623854
129.6	-0.86069	-0.540503
129.7	-0.910436	-0.451732
129.8	-0.951057	-0.358429
129.9	-0.982145	-0.261531
130	-1.00339	-0.162009
130.1	-1.01457	-0.0608605
130.2	-1.01558	0.040901
130.3	-1.00642	0.142255
130.4	-0.987159	0.242185
130.5	-0.958005	0.33969
130.6	-0.919246	0.433792
130.7	-0.87127	0.523548
130.8	-0.814559	0.608057
130.9	-0.749681	0.686473
131	-0.677285	0.758009
131.1	-0.598098	0.821947
131.2	-0.512912	0.877647
131.3	-0.422583	0.92455
131.4	-0.328015	0.962186
131.5	-0.230157	0.990176
131.6	-0.129988	1.00824
131.7	-0.0285142	1.0162
131.8	0.0732482	1.01397
131.9	0.174279	1.00157
132	0.273565	0.979139
132.1	0.370111	0.946886
132.2	0.462949	0.905141
132.3	0.551148	0.85432
132.4	0.633825	0.794934
132.5	0.710149	0.727577
132.6	0.779356	0.652924
132.7	0.840751	0.571724
132.8	0.89372	0.48479
132.9	0.93773	0.392994
133	0.972341	0.297256
133.1	0.997205	0.198536
133.2	1.01207	0.0978224
133.3	1.01679	-0.00387402
133.4	1.01132	-0.105534
133.5	0.995713	-0.206139
133.6	0.970121	-0.304679
133.7	0.934802	-0.400168
133.8	0.890111	-0.491647
133.9	0.836496	-0.5782
134	0.774494	-0.658959
134.1	0.704725	-0.733113
134.2	0.62789	-0.79992
134.3	0.544759	-0.85871
134.4	0.456164	-0.908892
134.5	0.362994	-0.949964
134.6	0.266182	-0.981514
134.7	0.1667	-1.00322
134.8	0.0655443	-1.01488
134.9	-0.0362713	-1.01636
135	-0.137726	-1.00765
135.1	-0.237802	-0.988839
135.2	-0.335497	-0.960114
135.3	-0.429831	-0.921764
135.4	-0.519858	-0.874172
135.5	-0.604676	-0.817815
135.6	-0.683434	-0.753259
135.7	-0.755343	-0.681149
135.8	-0.819681	-0.602209
135.9	-0.875803	-0.51723
136	-0.923147	-0.427063
136.1	-0.961238	-0.332613
136.2	-0.989693	-0.234826
136.3	-1.00823	-0.134683
136.4	-1.01665	-0.0331868
136.5	-1.01489	0.0686446
136.6	-1.00295	0.16979
136.7	-0.980957	0.269237
136.8	-0.949129	0.365986
136.9	-0.907784	0.459069
137	-0.857339	0.547552
137.1	-0.798297	0.630548
137.2	-0.73125	0.707225
137.3	-0.656872	0.776814
137.4	-0.575906	0.838617
137.5	-0.489165	0.892015
137.6	-0.397517	0.936471
137.7	-0.301883	0.97154
137.8	-0.203219	0.996871
137.9	-0.102516	1.01221
138	-0.000782596	1.0174
138.1	0.100961	1.01239
138.2	0.201695	0.997232
138.3	0.30041	0.972077
138.4	0.396116	0.937175
138.5	0.487853	0.892878
138.6	0.574701	0.839628
138.7	0.655791	0.77796
138.8	0.730308	0.708491
138.9	0.797505	0.631918
139	0.856709	0.549008
139.1	0.907327	0.460592
139.2	0.948849	0.367556
139.3	0.980861	0.270833
139.4	1.00304	0.171393
139.5	1.01516	0.0702322
139.6	1.01711	-0.0316353
139.7	1.00886	-0.133188
139.8	0.990499	-0.233409
139.9	0.962205	-0.331291
140	0.924265	-0.425855
140.1	0.877058	-0.516153
140.2	0.821058	-0.601278
140.3	0.756825	-0.680377
140.4	0.685003	-0.752658
140.5	0.606312	-0.817395
140.6	0.521541	-0.873939
140.7	0.43154	-0.921723
140.8	0.337209	-0.960269
140.9	0.239497	-0.989188
141	0.13938	-1.00819
141.1	0.0378641	-1.01709
141.2	-0.0640341	-1.01579
141.3	-0.165293	-1.00431
141.4	-0.264897	-0.982757
141.5	-0.361848	-0.951353
141.6	-0.455175	-0.910412
141.7	-0.54394	-0.860342
141.8	-0.627254	-0.801647
141.9	-0.704283	-0.734913
142	-0.774253	-0.66081
142.1	-0.836462	-0.580081
142.2	-0.890288	-0.493534
142.3	-0.93519	-0.402038
142.4	-0.970718	-0.306508
142.5	-0.996515	-0.207904
142.6	-1.01232	-0.107213
142.7	-1.01798	-0.00544467
142.8	-1.01344	0.0963808
142.9	-0.998732	0.197243
143	-0.974014	0.29613
143.1	-0.939531	0.39205
143.2	-0.895628	0.484043
143.3	-0.842746	0.571186
143.4	-0.781414	0.652605
143.5	-0.712246	0.727483
143.6	-0.635937	0.79507
143.7	-0.55325	0.854688
143.8	-0.465015	0.90574
143.9	-0.372116	0.947713
144	-0.275484	0.980186
144.1	-0.176088	1.00283
144.2	-0.0749241	1.01543
144.3	0.0269933	1.01784
144.4	0.128643	1.01005
144.5	0.229005	0.99214
144.6	0.327074	0.964279
144.7	0.421866	0.92675
144.8	0.512432	0.87993
144.9	0.597863	0.824287
145	0.677302	0.760379
145.1	0.749954	0.688847
145.2	0.815089	0.610407
145.3	0.872054	0.525846
145.4	0.920278	0.436012
145.5	0.959278	0.341804
145.6	0.988662	0.244167
145.7	1.00814	0.14408
145.8	1.0175	0.0425462
145.9	1.01667	-0.0594168
146	1.00564	-0.160787
146.1	0.984538	-0.260547
146.2	0.95356	-0.357698
146.3	0.913023	-0.451266
146.4	0.863331	-0.540312
146.5	0.804983	-0.623943
146.6	0.738564	-0.701322
146.7	0.664739	-0.771672
146.8	0.584248	-0.834287
146.9	0.497898	-0.888541
147	0.406555	-0.933888
147.1	0.311133	-0.969874
147.2	0.21259	-0.996138
147.3	0.111913	-1.01242
147.4	0.0101121	-1.01855
147.5	-0.091793	-1.01446
147.6	-0.19278	-1.00021
147.7	-0.291838	-0.975933
147.8	-0.387972	-0.94187
147.9	-0.480219	-0.898363
148	-0.567654	-0.845849
148.1	-0.649401	-0.784855
148.2	-0.724639	-0.71599
148.3	-0.792615	-0.639947
148.4	-0.852647	-0.557485
148.5	-0.904132	-0.469433
148.6	-0.946555	-0.376673
148.7	-0.979489	-0.280134
148.8	-1.00261	-0.180784
148.9	-1.01567	-0.07962
149	-1.01855	0.0223452
149.1	-1.01123	0.124089
149.2	-0.993762	0.224591
149.3	-0.966334	0.322844
149.4	-0.929218	0.417864
149.5	-0.882785	0.508696
149.6	-0.827502	0.594431
149.7	-0.763921	0.674209
149.8	-0.692681	0.74723
149.9	-0.614494	0.812762
150	-0.530146	0.870148
150.1	-0.44048	0.918812
150.2	-0.346397	0.958266
150.3	-0.248838	0.988114
150.4	-0.148782	1.00806
150.5	-0.0472329	1.0179
150.6	0.0547928	1.01753
150.7	0.156272	1.00696
150.8	0.256187	0.9863
150.9	0.353536	0.95575
151	0.447343	0.915617
151.1	0.536668	0.866305
151.2	0.620615	0.808307
151.3	0.698343	0.742204
151.4	0.769071	0.668658
151.5	0.832092	0.588408
151.6	0.886772	0.502257
151.7	0.932564	0.411068
151.8	0.969008	0.315757
151.9	0.995739	0.217277
152	1.01249	0.116617
152.1	1.01909	0.0147848
152.2	1.01547	-0.0871978
152.3	1.00167	-0.188309
152.4	0.977834	-0.287535
152.5	0.944191	-0.38388
152.6	0.901082	-0.47638
152.7	0.848939	-0.564106
152.8	0.788283	-0.64618
152.9	0.719724	-0.721777
153	0.643948	-0.79014
153.1	0.561714	-0.850585
153.2	0.473847	-0.902503
153.3	0.381227	-0.945375
153.4	0.284784	-0.978771
153.5	0.185483	-1.00236
153.6	0.0843196	-1.01589
153.7	-0.0176912	-1.01924
153.8	-0.119527	-1.01238
153.9	-0.220167	-0.995365
154	-0.318603	-0.968371
154.1	-0.413847	-0.931669
154.2	-0.504945	-0.885626
154.3	-0.590983	-0.830703
154.4	-0.671098	-0.767451
154.5	-0.744488	-0.696504
154.6	-0.810416	-0.618573
154.7	-0.868221	-0.534439
154.8	-0.917324	-0.444944
154.9	-0.957231	-0.350987
155	-0.987544	-0.253509
155.1	-1.00796	-0.153487
155.2	-1.01827	-0.051924
155.3	-1.01837	0.0501622
155.4	-1.00826	0.151748
155.5	-0.988043	0.251815
155.6	-0.957921	0.349361
155.7	-0.918196	0.443406
155.8	-0.869264	0.533008
155.9	-0.811617	0.61727
156	-0.745832	0.695345
156.1	-0.672568	0.766452
156.2	-0.59256	0.829876
156.3	-0.50661	0.884983
156.4	-0.415578	0.931219
156.5	-0.320379	0.968121
156.6	-0.221965	0.995318
156.7	-0.121323	1.01254
156.8	-0.0194627	1.01961
156.9	0.0825953	1.01646
157	0.183828	1.00311
157.1	0.28322	0.979715
157.2	0.379776	0.946495
157.3	0.472526	0.903785
157.4	0.560542	0.852013
157.5	0.642941	0.791699
157.6	0.718896	0.723446
157.7	0.787646	0.64794
157.8	0.848502	0.565935
157.9	0.900853	0.478255
158	0.944174	0.385779
158.1	0.978031	0.289433
158.2	1.00208	0.190182
158.3	1.01609	0.089023
158.4	1.01991	-0.0130313
158.5	1.01351	-0.114958
158.6	0.996948	-0.215734
158.7	0.97039	-0.31435
158.8	0.934103	-0.409817
158.9	0.888451	-0.501178
159	0.83389	-0.587518
159.1	0.770969	-0.667969
159.2	0.700317	-0.741726
159.3	0.622643	-0.808049
159.4	0.538725	-0.866273
159.5	0.449404	-0.915814
159.6	0.355576	-0.956176
159.7	0.25818	-0.986952
159.8	0.158194	-1.00784
159.9	0.0566196	-1.01862
160	-0.0455251	-1.01918
160.1	-0.147216	-1.00954
160.2	-0.247434	-0.989767
160.3	-0.345173	-0.960075
160.4	-0.439455	-0.920757
160.5	-0.529333	-0.872208
160.6	-0.613907	-0.814914
160.7	-0.692329	-0.749448
160.8	-0.763812	-0.676468
160.9	-0.82764	-0.596705
161	-0.883172	-0.510957
161.1	-0.929852	-0.420085
161.2	-0.967211	-0.324999
161.3	-0.994875	-0.226653
161.4	-1.01257	-0.126032
161.5	-1.02011	-0.0241457
161.6	-1.01742	0.0779857
161.7	-1.00454	0.179338
161.8	-0.981579	0.278895
161.9	-0.948781	0.375658
162	-0.906472	0.468658
162.1	-0.855073	0.556962
162.2	-0.795102	0.639684
162.3	-0.727158	0.715996
162.4	-0.651922	0.785132
162.5	-0.57015	0.846398
162.6	-0.482659	0.899181
162.7	-0.390328	0.942951
162.8	-0.294081	0.977269
162.9	-0.194884	1.00179
163	-0.09373	1.01627
163.1	0.00836568	1.02056
163.2	0.11038	1.01462
163.3	0.21129	0.998512
163.4	0.310085	0.97239
163.5	0.405774	0.93652
163.6	0.497397	0.89126
163.7	0.584036	0.837064
163.8	0.664822	0.774475
163.9	0.738945	0.70412
164	0.805663	0.626705
164.1	0.864305	0.543005
164.2	0.914284	0.45386
164.3	0.955098	0.360162
164.4	0.986339	0.262851
164.5	1.00769	0.162903
164.6	1.01894	0.0613195
164.7	1.01998	-0.0408816
164.8	1.01079	-0.142675
164.9	0.991472	-0.243041
165	0.962211	-0.340973
165.1	0.923302	-0.43549
165.2	0.875137	-0.525642
165.3	0.818197	-0.610528
165.4	0.753053	-0.689295
165.5	0.680358	-0.761154
165.6	0.600841	-0.825384
165.7	0.515299	-0.881341
165.8	0.424588	-0.928464
165.9	0.329619	-0.966281
166	0.231343	-0.994411
166.1	0.130745	-1.01257
166.2	0.0288337	-1.02058
166.3	-0.073369	-1.01837
166.4	-0.174839	-1.00594
166.5	-0.274558	-0.983423
166.6	-0.371528	-0.95105
166.7	-0.464775	-0.909142
166.8	-0.553365	-0.858119
166.9	-0.63641	-0.798492
167	-0.713077	-0.730858
167.1	-0.782598	-0.655896
167.2	-0.844275	-0.574357
167.3	-0.897489	-0.487058
167.4	-0.941707	-0.394873
167.5	-0.976486	-0.298728
167.6	-1.00148	-0.199586
167.7	-1.01643	-0.0984406
167.8	-1.02119	0.00369439
167.9	-1.01571	0.105795
168	-1.00006	0.206837
168.1	-0.974372	0.305809
168.2	-0.938919	0.401717
168.3	-0.894053	0.4936
168.4	-0.840223	0.580538
168.5	-0.777968	0.661657
168.6	-0.707912	0.736146
168.7	-0.630758	0.803256
168.8	-0.547279	0.862316
168.9	-0.458311	0.912732
169	-0.364746	0.953999
169.1	-0.267522	0.985704
169.2	-0.167614	1.00753
169.3	-0.0660236	1.01925
169.4	0.0362317	1.02076
169.5	0.138126	1.01203
169.6	0.238639	0.993158
169.7	0.336761	0.964328
169.8	0.43151	0.925831
169.9	0.521936	0.87805
170	0.607131	0.821466
170.1	0.686242	0.756646
170.2	0.758476	0.684239
170.3	0.823107	0.60497
170.4	0.879489	0.519634
170.5	0.927055	0.429087
170.6	0.965328	0.334236
170.7	0.993925	0.236032
170.8	1.01256	0.13546
170.9	1.02104	0.0335265
171	1.01929	-0.0687453
171.1	1.00732	-0.17033
171.2	0.985249	-0.270211
171.3	0.953301	-0.367384
171.4	0.911796	-0.460878
171.5	0.86115	-0.549753
171.6	0.801869	-0.633119
171.7	0.734547	-0.71014
171.8	0.659861	-0.780044
171.9	0.578557	-0.84213
172	0.491451	-0.895775
172.1	0.399416	-0.940441
172.2	0.303375	-0.975681
172.3	0.20429	-1.00114
172.4	0.103155	-1.01656
172.5	0.000982473	-1.0218
172.6	-0.101202	-1.01679
172.7	-0.202375	-1.00158
172.8	-0.301521	-0.976336
172.9	-0.397647	-0.941302
173	-0.489789	-0.896831
173.1	-0.577023	-0.843368
173.2	-0.658474	-0.781449
173.3	-0.733327	-0.711694
173.4	-0.80083	-0.634803
173.5	-0.860306	-0.551546
173.6	-0.911159	-0.462757
173.7	-0.952879	-0.369328
173.8	-0.985047	-0.272193
173.9	-1.00734	-0.172328
174	-1.01954	-0.0707318
174.1	-1.02151	0.0315756
174.2	-1.01325	0.133569
174.3	-0.994825	0.234226
174.4	-0.966428	0.332537
174.5	-0.928342	0.427517
174.6	-0.880949	0.518214
174.7	-0.824722	0.603718
174.8	-0.760227	0.683171
174.9	-0.688109	0.755778
175	-0.60909	0.82081
175.1	-0.523964	0.877615
175.2	-0.433583	0.925624
175.3	-0.338852	0.964354
175.4	-0.240723	0.993417
175.5	-0.140177	1.01252
175.6	-0.0382242	1.02148
175.7	0.0641147	1.02019
175.8	0.165813	1.00868
175.9	0.265852	0.987055
176	0.363229	0.955535
176.1	0.456966	0.914434
176.2	0.546124	0.864166
176.3	0.62981	0.805232
176.4	0.707185	0.738225
176.5	0.777471	0.663815
176.6	0.839965	0.582749
176.7	0.89404	0.495839
176.8	0.939154	0.403956
176.9	0.974854	0.308021
177	1.00078	0.208995
177.1	1.01668	0.107872
177.2	1.02238	0.00566481
177.3	1.01784	-0.0966016
177.4	1.00309	-0.197902
177.5	0.978281	-0.297221
177.6	0.943667	-0.393563
177.7	0.899593	-0.485962
177.8	0.846498	-0.573492
177.9	0.784917	-0.655274
178	0.715465	-0.730489
178.1	0.638838	-0.798383
178.2	0.555806	-0.858275
178.3	0.467199	-0.909564
178.4	0.373907	-0.951737
178.5	0.276864	-0.984369
178.6	0.177043	-1.00713
178.7	0.075444	-1.0198
178.8	-0.0269134	-1.02225
178.9	-0.129004	-1.01444
179	-0.229803	-0.996472
179.1	-0.328301	-0.968509
179.2	-0.423511	-0.930837
179.3	-0.514477	-0.883831
179.4	-0.600287	-0.827965
179.5	-0.680082	-0.763796
179.6	-0.753062	-0.691969
179.7	-0.818493	-0.613203
179.8	-0.875721	-0.528287
179.9	-0.924171	-0.438074
180	-0.963358	-0.343466
180.1	-0.992888	-0.245413
180.2	-1.01246	-0.144898
180.3	-1.02189	-0.0429266
180.4	-1.02108	0.0594772
180.5	-1.01002	0.161287
180.6	-0.988843	0.261483
180.7	-0.957751	0.35906
180.8	-0.917056	0.45304
180.9	-0.867167	0.54248
181	-0.808583	0.626484
181.1	-0.741891	0.70421
181.2	-0.667761	0.774878
181.3	-0.586934	0.83778
181.4	-0.500222	0.892285
181.5	-0.408492	0.937845
181.6	-0.312665	0.974005
181.7	-0.213701	1.0004
181.8	-0.112592	1.01677
181.9	-0.0103525	1.02295
182	0.0919938	1.01887
182.1	0.19342	1.00457
182.2	0.29291	0.980207
182.3	0.389467	0.946015
182.4	0.482121	0.902338
182.5	0.569944	0.849615
182.6	0.652056	0.788372
182.7	0.727633	0.719225
182.8	0.795917	0.642865
182.9	0.856224	0.560059
183	0.907949	0.471637
183.1	0.950573	0.378484
183.2	0.983668	0.281534
183.3	1.0069	0.181759
183.4	1.02004	0.0801602
183.5	1.02296	-0.0222451
183.6	1.01562	-0.12443
183.7	0.9981	-0.22537
183.8	0.970573	-0.324053
183.9	0.933314	-0.41949
184	0.886699	-0.510724
184.1	0.831193	-0.59684
184.2	0.767353	-0.676975
184.3	0.695819	-0.750326
184.4	0.617307	-0.816156
184.5	0.532605	-0.873806
184.6	0.442561	-0.922697
184.7	0.348079	-0.96234
184.8	0.250104	-0.992336
184.9	0.14962	-1.01238
185	0.0476336	-1.02229
185.1	-0.0548331	-1.02194
185.2	-0.156753	-1.01134
185.3	-0.257103	-0.990612
185.4	-0.354879	-0.959949
185.5	-0.449099	-0.919661
185.6	-0.53882	-0.870153
185.7	-0.623141	-0.81192
185.8	-0.701217	-0.745546
185.9	-0.772266	-0.671697
186	-0.835574	-0.591112
186.1	-0.890508	-0.504599
186.2	-0.936515	-0.413025
186.3	-0.973135	-0.317308
186.4	-1	-0.218408
186.5	-1.01684	-0.117316
186.6	-1.02349	-0.0150456
186.7	-1.01988	0.0873785
186.8	-1.00604	0.188929
186.9	-0.982115	0.288588
187	-0.948346	0.385357
187.1	-0.905068	0.478265
187.2	-0.852716	0.56638
187.3	-0.791815	0.64882
187.4	-0.722974	0.724757
187.5	-0.646883	0.793431
187.6	-0.564306	0.854152
187.7	-0.476069	0.906312
187.8	-0.383057	0.949387
187.9	-0.286203	0.982946
188	-0.186478	1.00665
188.1	-0.0848802	1.02027
188.2	0.0175708	1.02365
188.3	0.119848	1.01678
188.4	0.220927	0.999709
188.5	0.319793	0.972618
188.6	0.415456	0.935775
188.7	0.506956	0.889551
188.8	0.593376	0.834407
188.9	0.67385	0.770898
189	0.747571	0.699658
189.1	0.813799	0.621403
189.2	0.87187	0.536916
189.3	0.921202	0.447044
189.4	0.961301	0.352689
189.5	0.991763	0.254795
189.6	1.01228	0.154345
189.7	1.02266	0.0523451
189.8	1.02278	-0.0501823
189.9	1.01265	-0.152209
190	0.992362	-0.252713
190.1	0.962129	-0.350685
190.2	0.922249	-0.445145
190.3	0.873124	-0.535144
190.4	0.815244	-0.619781
190.5	0.749189	-0.698206
190.6	0.675623	-0.769634
190.7	0.595281	-0.833348
190.8	0.50897	-0.88871
190.9	0.417554	-0.935163
191	0.32195	-0.972243
191.1	0.223116	-0.999576
191.2	0.122043	-1.01689
191.3	0.0197438	-1.02401
191.4	-0.082756	-1.02086
191.5	-0.184429	-1.00748
191.6	-0.284255	-0.984004
191.7	-0.381234	-0.950659
191.8	-0.474394	-0.907782
191.9	-0.5628	-0.855804
192	-0.645566	-0.795245
192.1	-0.721863	-0.726712
192.2	-0.790925	-0.650892
192.3	-0.852059	-0.568545
192.4	-0.904654	-0.480496
192.5	-0.94818	-0.387628
192.6	-0.982202	-0.290872
192.7	-1.00638	-0.191198
192.8	-1.02047	-0.089604
192.9	-1.02432	0.0128906
193	-1.01791	0.115259
193.1	-1.0013	0.216474
193.2	-0.974644	0.315521
193.3	-0.938219	0.411408
193.4	-0.892387	0.503173
193.5	-0.837608	0.589896
193.6	-0.77443	0.670707
193.7	-0.703487	0.744796
193.8	-0.62549	0.811421
193.9	-0.541221	0.869913
194	-0.451523	0.919686
194.1	-0.357297	0.960239
194.2	-0.259487	0.991168
194.3	-0.159072	1.01216
194.4	-0.057061	1.02301
194.5	0.045525	1.0236
194.6	0.147657	1.01393
194.7	0.248312	0.994092
194.8	0.346479	0.964291
194.9	0.441176	0.924821
195	0.531452	0.87608
195.1	0.616403	0.818554
195.2	0.695176	0.752821
195.3	0.766983	0.679539
195.4	0.831102	0.599443
195.5	0.88689	0.513336
195.6	0.93379	0.42208
195.7	0.971329	0.326591
195.8	0.999131	0.227825
195.9	1.01692	0.126773
196	1.02451	0.0244471
196.1	1.02183	-0.0781262
196.2	1.00891	-0.179919
196.3	0.985875	-0.27991
196.4	0.952954	-0.377098
196.5	0.91048	-0.470508
196.6	0.858876	-0.559204
196.7	0.798662	-0.642295
196.8	0.730439	-0.71895
196.9	0.654892	-0.788399
197	0.572777	-0.849946
197.1	0.484919	-0.902974
197.2	0.392197	-0.946951
197.3	0.295541	-0.981436
197.4	0.195919	-1.00608
197.5	0.0943314	-1.02064
197.6	-0.00820473	-1.02497
197.7	-0.110661	-1.01903
197.8	-0.212011	-1.00287
197.9	-0.311237	-0.976652
198	-0.407347	-0.940645
198.1	-0.499374	-0.895208
198.2	-0.586398	-0.840794
198.3	-0.667546	-0.77795
198.4	-0.742003	-0.707306
198.5	-0.809024	-0.629569
198.6	-0.867935	-0.545519
198.7	-0.918148	-0.455998
198.8	-0.959157	-0.361903
198.9	-0.990551	-0.264178
199	-1.01202	-0.163802
199.1	-1.02334	-0.0617813
199.2	-1.0244	0.0408613
199.3	-1.01519	0.143097
199.4	-0.995804	0.2439
199.5	-0.966435	0.342261
199.6	-0.927377	0.437193
199.7	-0.87902	0.527745
199.8	-0.821851	0.613008
199.9	-0.756441	0.692128
200	-0.683446	0.764312
200.1	-0.603597	0.828835
200.2	-0.517696	0.88505
200.3	-0.426602	0.932395
200.4	-0.33123	0.970393
200.5	-0.232534	0.998664
200.6	-0.131505	1.01692
200.7	-0.0291554	1.02499
200.8	0.0734894	1.02278
200.9	0.1754	1.01032
201	0.275555	0.987726
201.1	0.37295	0.955232
201.2	0.466608	0.913161
201.3	0.555591	0.861934
201.4	0.639007	0.802065
201.5	0.716018	0.734155
201.6	0.785853	0.658882
201.7	0.847812	0.577002
201.8	0.901274	0.489336
201.9	0.945701	0.396762
202	0.980648	0.300208
202.1	1.00577	0.200642
202.2	1.0208	0.0990623
202.3	1.0256	-0.00351313
202.4	1.02012	-0.106056
202.5	1.00442	-0.207538
202.6	0.978642	-0.306942
202.7	0.943055	-0.403272
202.8	0.898012	-0.495561
202.9	0.843966	-0.582884
203	0.781458	-0.664366
203.1	0.711114	-0.73919
203.2	0.633639	-0.806606
203.3	0.549811	-0.865937
203.4	0.460468	-0.916588
203.5	0.366507	-0.958052
203.6	0.268869	-0.989912
203.7	0.168533	-1.01185
203.8	0.0665058	-1.02364
203.9	-0.0361912	-1.02518
204	-0.138528	-1.01643
204.1	-0.239478	-0.997496
204.2	-0.338031	-0.968561
204.3	-0.433196	-0.929915
204.4	-0.524022	-0.881946
204.5	-0.609596	-0.825134
204.6	-0.689062	-0.760049
204.7	-0.761621	-0.687342
204.8	-0.826548	-0.607743
204.9	-0.883189	-0.52205
205	-0.930978	-0.431121
205.1	-0.969435	-0.335867
205.2	-0.998175	-0.237244
205.3	-1.01691	-0.136241
205.4	-1.02545	-0.0338686
205.5	-1.02371	0.0688455
205.6	-1.0117	0.170872
205.7	-0.989559	0.271188
205.8	-0.957492	0.368788
205.9	-0.915826	0.462693
206	-0.864977	0.551962
206.1	-0.805456	0.6357
206.2	-0.737859	0.713068
206.3	-0.662863	0.783288
206.4	-0.58122	0.845658
206.5	-0.493748	0.899552
206.6	-0.401324	0.944429
206.7	-0.304875	0.979839
206.8	-0.205366	1.00543
206.9	-0.103797	1.02094
207	-0.00118406	1.02621
207.1	0.101443	1.0212
207.2	0.203056	1.00595
207.3	0.302635	0.980613
207.4	0.399183	0.945447
207.5	0.491732	0.900801
207.6	0.579354	0.847124
207.7	0.661169	0.784953
207.8	0.736359	0.714911
207.9	0.804168	0.637701
208	0.863917	0.554096
208.1	0.915007	0.464933
208.2	0.956926	0.371108
208.3	0.989252	0.27356
208.4	1.01166	0.173267
208.5	1.02393	0.0712344
208.6	1.02593	-0.0315148
208.7	1.01765	-0.133951
208.8	0.999169	-0.235046
208.9	0.970669	-0.333788
209	0.932437	-0.429186
209.1	0.884856	-0.520283
209.2	0.828403	-0.606168
209.3	0.763644	-0.685977
209.4	0.691229	-0.758912
209.5	0.611881	-0.82424
209.6	0.526398	-0.881307
209.7	0.435635	-0.92954
209.8	0.340503	-0.968456
209.9	0.241955	-0.997664
210	0.140979	-1.01687
210.1	0.0385867	-1.02588
210.2	-0.0641947	-1.02461
210.3	-0.166335	-1.01307
210.4	-0.266811	-0.991372
210.5	-0.364614	-0.959735
210.6	-0.458764	-0.918474
210.7	-0.548318	-0.868006
210.8	-0.632377	-0.808834
210.9	-0.710098	-0.741552
211	-0.780703	-0.666834
211.1	-0.843483	-0.58543
211.2	-0.897809	-0.498155
211.3	-0.943135	-0.405883
211.4	-0.979008	-0.30954
211.5	-1.00507	-0.210092
211.6	-1.02105	-0.108534
211.7	-1.0268	-0.00588675
211.8	-1.02225	0.0968225
211.9	-1.00746	0.198564
212	-0.982566	0.298317
212.1	-0.947821	0.395082
212.2	-0.903574	0.487889
212.3	-0.850267	0.575807
212.4	-0.788435	0.657954
212.5	-0.718698	0.733508
212.6	-0.641754	0.80171
212.7	-0.558374	0.861877
212.8	-0.469394	0.913405
212.9	-0.375707	0.955778
213	-0.27825	0.988569
213.1	-0.178002	1.01145
213.2	-0.075967	1.02419
213.3	0.0268322	1.02667
213.4	0.129365	1.01885
213.5	0.230604	1.00082
213.6	0.329533	0.972758
213.7	0.425161	0.934941
213.8	0.516529	0.88775
213.9	0.602722	0.831659
214	0.682874	0.767228
214.1	0.756183	0.695105
214.2	0.821912	0.616011
214.3	0.879404	0.53074
214.4	0.928081	0.440146
214.5	0.967455	0.345137
214.6	0.997131	0.246666
214.7	1.01681	0.145719
214.8	1.0263	0.0433095
214.9	1.0255	-0.0595371
215	1.01442	-0.161789
215.1	0.993167	-0.262422
215.2	0.961959	-0.360427
215.3	0.921107	-0.454821
215.4	0.871019	-0.544657
215.5	0.812198	-0.629036
215.6	0.745234	-0.70711
215.7	0.670796	-0.778098
215.8	0.589633	-0.841287
215.9	0.502556	-0.896044
216	0.410439	-0.94182
216.1	0.314204	-0.978154
216.2	0.214818	-1.00468
216.3	0.113275	-1.02114
216.4	0.0105948	-1.02736
216.5	-0.0921946	-1.02329
216.6	-0.194062	-1.00895
216.7	-0.293987	-0.9845
216.8	-0.390967	-0.950179
216.9	-0.48403	-0.906331
217	-0.572243	-0.853397
217.1	-0.654722	-0.791905
217.2	-0.730638	-0.722474
217.3	-0.799233	-0.645797
217.4	-0.859816	-0.562645
217.5	-0.911782	-0.47385
217.6	-0.954608	-0.380303
217.7	-0.987865	-0.282941
217.8	-1.01122	-0.182739
217.9	-1.02444	-0.0807037
218	-1.02739	0.0221436
218.1	-1.02003	0.124771
218.2	-1.00246	0.226151
218.3	-0.97483	0.325266
218.4	-0.937429	0.421123
218.5	-0.89063	0.51276
218.6	-0.8349	0.599259
218.7	-0.7708	0.679753
218.8	-0.698971	0.753434
218.9	-0.620132	0.819564
219	-0.535075	0.877479
219.1	-0.444652	0.9266
219.2	-0.349769	0.966432
219.3	-0.251377	0.996576
219.4	-0.150462	1.01673
219.5	-0.0480369	1.02669
219.6	0.0548727	1.02636
219.7	0.157235	1.01574
219.8	0.258023	0.994943
219.9	0.356227	0.964166
220	0.450863	0.923722
220.1	0.540981	0.874017
220.2	0.625677	0.815549
220.3	0.704104	0.748904
220.4	0.775474	0.674749
220.5	0.839071	0.593828
220.6	0.894259	0.506951
220.7	0.940483	0.414991
220.8	0.977279	0.318868
220.9	1.00428	0.219545
221	1.02121	0.11802
221.1	1.02791	0.0153082
221.2	1.0243	-0.0875592
221.3	1.01042	-0.189551
221.4	0.986415	-0.289646
221.5	0.952519	-0.386839
221.6	0.909072	-0.480157
221.7	0.856511	-0.568663
221.8	0.795362	-0.651471
221.9	0.726238	-0.72775
222	0.649832	-0.796735
222.1	0.566909	-0.857734
222.2	0.478301	-0.910137
222.3	0.384896	-0.953416
222.4	0.28763	-0.987139
222.5	0.187478	-1.01097
222.6	0.0854441	-1.02466
222.7	-0.017449	-1.02808
222.8	-0.12017	-1.02119
222.9	-0.221688	-1.00407
223	-0.320987	-0.976883
223.1	-0.417071	-0.9399
223.2	-0.508975	-0.893493
223.3	-0.59578	-0.838128
223.4	-0.676613	-0.774359
223.5	-0.750666	-0.702826
223.6	-0.817196	-0.624246
223.7	-0.875534	-0.539405
223.8	-0.925097	-0.449154
223.9	-0.965387	-0.354399
224	-0.996	-0.256088
224.1	-1.01663	-0.155208
224.2	-1.02707	-0.0527688
224.3	-1.02721	0.0502017
224.4	-1.01705	0.152671
224.5	-0.996699	0.253613
224.6	-0.966354	0.352015
224.7	-0.926321	0.44689
224.8	-0.877001	0.537288
224.9	-0.818887	0.622302
225	-0.752562	0.701079
225.1	-0.678691	0.77283
225.2	-0.598015	0.836835
225.3	-0.511341	0.892452
225.4	-0.419539	0.939124
225.5	-0.323529	0.976382
225.6	-0.224274	1.00385
225.7	-0.122767	1.02126
225.8	-0.0200269	1.02843
225.9	0.0829165	1.02529
226	0.185031	1.01187
226.1	0.285293	0.988312
226.2	0.382698	0.954841
226.3	0.476269	0.911797
226.4	0.565067	0.859611
226.5	0.648203	0.798806
226.6	0.724842	0.729992
226.7	0.794217	0.653858
226.8	0.855632	0.571167
226.9	0.908471	0.482748
227	0.952203	0.389487
227.1	0.986391	0.292319
227.2	1.01069	0.192218
227.3	1.02486	0.0901883
227.4	1.02875	-0.0127485
227.5	1.02233	-0.11556
227.6	1.00567	-0.217216
227.7	0.978917	-0.316696
227.8	0.942353	-0.413005
227.9	0.896341	-0.505175
228	0.841342	-0.592283
228.1	0.777907	-0.673456
228.2	0.706671	-0.747879
228.3	0.62835	-0.814807
228.4	0.543728	-0.873568
228.5	0.453652	-0.923573
228.6	0.359027	-0.96432
228.7	0.2608	-0.995401
228.8	0.159955	-1.0165
228.9	0.0575052	-1.02742
229	-0.0455241	-1.02803
229.1	-0.1481	-1.01834
229.2	-0.249193	-0.998437
229.3	-0.347791	-0.968525
229.4	-0.442904	-0.928903
229.5	-0.53358	-0.879969
229.6	-0.618909	-0.822211
229.7	-0.698035	-0.756209
229.8	-0.770166	-0.682624
229.9	-0.834578	-0.602194
230	-0.890624	-0.515726
230.1	-0.937744	-0.424085
230.2	-0.975463	-0.32819
230.3	-1.00341	-0.229003
230.4	-1.02129	-0.127517
230.5	-1.02893	-0.0247506
230.6	-1.02626	0.0782665
230.7	-1.01331	0.180502
230.8	-0.990189	0.28093
230.9	-0.957145	0.378544
231	-0.914505	0.472366
231.1	-0.862696	0.561454
231.2	-0.802237	0.644917
231.3	-0.733734	0.721916
231.4	-0.657874	0.79168
231.5	-0.575417	0.853509
231.6	-0.487189	0.906783
231.7	-0.394075	0.950968
231.8	-0.297007	0.985621
231.9	-0.19696	1.01039
232	-0.0949362	1.02504
232.1	0.00804223	1.02941
232.2	0.110943	1.02345
232.3	0.212733	1.00724
232.4	0.312394	0.980933
232.5	0.408925	0.944789
232.6	0.50136	0.899173
232.7	0.58877	0.844541
232.8	0.67028	0.781441
232.9	0.745073	0.710506
233	0.812398	0.632446
233.1	0.871581	0.548044
233.2	0.922027	0.458146
233.3	0.963232	0.363652
233.4	0.994781	0.265511
233.5	1.01636	0.164705
233.6	1.02775	0.0622459
233.7	1.02883	-0.04084
233.8	1.0196	-0.143519
233.9	1.00015	-0.244762
234	0.970678	-0.343554
234.1	0.931469	-0.438904
234.2	0.882921	-0.529856
234.3	0.825521	-0.615499
234.4	0.759844	-0.694973
234.5	0.686547	-0.767483
234.6	0.606366	-0.8323
234.7	0.520104	-0.888775
234.8	0.428626	-0.936342
234.9	0.332849	-0.974523
235	0.233732	-1.00293
235.1	0.13227	-1.02129
235.2	0.0294794	-1.02941
235.3	-0.0736094	-1.02721
235.4	-0.175963	-1.01472
235.5	-0.276555	-0.992048
235.6	-0.374377	-0.959432
235.7	-0.468448	-0.917197
235.8	-0.557826	-0.865767
235.9	-0.641613	-0.805655
236	-0.718971	-0.737466
236.1	-0.789122	-0.661881
236.2	-0.851365	-0.57966
236.3	-0.905074	-0.491625
236.4	-0.949711	-0.398659
236.5	-0.984829	-0.301695
236.6	-1.01007	-0.201704
236.7	-1.02519	-0.0996876
236.8	-1.03004	0.00333023
236.9	-1.02455	0.106317
237	-1.0088	0.208241
237.1	-0.982931	0.30808
237.2	-0.947208	0.404832
237.3	-0.901989	0.497529
237.4	-0.847726	0.58524
237.5	-0.784963	0.667087
237.6	-0.71433	0.742248
237.7	-0.636534	0.809969
237.8	-0.552354	0.869573
237.9	-0.462635	0.92046
238	-0.368276	0.962122
238.1	-0.270222	0.994139
238.2	-0.169457	1.01619
238.3	-0.0669909	1.02805
238.4	0.0361496	1.02961
238.5	0.13893	1.02085
238.6	0.240321	1.00185
238.7	0.339304	0.972812
238.8	0.434889	0.934018
238.9	0.526116	0.885859
239	0.612072	0.828818
239.1	0.691893	0.763466
239.2	0.76478	0.69046
239.3	0.830002	0.610529
239.4	0.886905	0.524477
239.5	0.934918	0.433164
239.6	0.97356	0.337506
239.7	1.00244	0.238462
239.8	1.02128	0.137026
239.9	1.02987	0.0342131
240	1.02815	-0.0689453
240.1	1.01611	-0.171415
240.2	0.993888	-0.272169
240.3	0.961701	-0.370197
240.4	0.919873	-0.464516
240.5	0.868822	-0.554181
240.6	0.80906	-0.638292
240.7	0.741186	-0.716007
240.8	0.665879	-0.786545
240.9	0.583895	-0.8492
241	0.496055	-0.903344
241.1	0.403241	-0.948433
241.2	0.306381	-0.984015
241.3	0.206448	-1.00973
241.4	0.104442	-1.02533
241.5	0.00138738	-1.03065
241.6	-0.101684	-1.02563
241.7	-0.203739	-1.01034
241.8	-0.303754	-0.98491
241.9	-0.400726	-0.94961
242	-0.493683	-0.904789
242.1	-0.581694	-0.850897
242.2	-0.663875	-0.788473
242.3	-0.739403	-0.718143
242.4	-0.80752	-0.640612
242.5	-0.867544	-0.556657
242.6	-0.918872	-0.467119
242.7	-0.96099	-0.372897
242.8	-0.993474	-0.274933
242.9	-1.016	-0.174211
243	-1.02834	-0.07174
243.1	-1.03037	0.0314528
243.2	-1.02208	0.134333
243.3	-1.00353	0.235869
243.4	-0.974928	0.335043
243.5	-0.936549	0.43086
243.6	-0.88878	0.522361
243.7	-0.8321	0.608627
243.8	-0.767077	0.688794
243.9	-0.694362	0.762058
244	-0.614685	0.827684
244.1	-0.528843	0.885014
244.2	-0.437697	0.933473
244.3	-0.342162	0.972576
244.4	-0.243193	1.00193
244.5	-0.141784	1.02124
244.6	-0.0389516	1.03031
244.7	0.0642743	1.02905
244.8	0.166858	1.01748
244.9	0.267772	0.995708
245	0.366004	0.963953
245.1	0.460569	0.922533
245.2	0.55052	0.871863
245.3	0.634954	0.812452
245.4	0.713024	0.744894
245.5	0.783948	0.669867
245.6	0.847015	0.588123
245.7	0.901592	0.500481
245.8	0.947133	0.407819
245.9	0.983179	0.311067
246	1.00937	0.211194
246.1	1.02544	0.109201
246.2	1.03123	0.0061105
246.3	1.02669	-0.0970435
246.4	1.01185	-0.199227
246.5	0.98687	-0.299416
246.6	0.951994	-0.396606
246.7	0.907573	-0.489823
246.8	0.854053	-0.578131
246.9	0.79197	-0.660646
247	0.721946	-0.736539
247.1	0.644682	-0.805051
247.2	0.560953	-0.865494
247.3	0.471599	-0.917262
247.4	0.377515	-0.959836
247.5	0.279644	-0.992788
247.6	0.178967	-1.01579
247.7	0.0764932	-1.02861
247.8	-0.0267499	-1.03111
247.9	-0.129727	-1.02328
248	-0.231407	-1.00519
248.1	-0.330769	-0.977026
248.2	-0.426818	-0.939064
248.3	-0.51859	-0.891687
248.4	-0.605166	-0.835369
248.5	-0.685677	-0.770676
248.6	-0.759316	-0.698255
248.7	-0.825345	-0.618832
248.8	-0.883102	-0.533203
248.9	-0.932007	-0.442227
249	-0.971569	-0.346815
249.1	-1.00139	-0.247924
249.2	-1.02118	-0.146545
249.3	-1.03073	-0.0436948
249.4	-1.02994	0.0595963
249.5	-1.01883	0.162293
249.6	-0.99751	0.263365
249.7	-0.966186	0.361799
249.8	-0.925175	0.456608
249.9	-0.874889	0.546843
250	-0.81583	0.631597
250.1	-0.748591	0.710022
250.2	-0.673846	0.781331
250.3	-0.592343	0.844809
250.4	-0.504901	0.89982
250.5	-0.412394	0.945811
250.6	-0.315751	0.982321
250.7	-0.21594	1.00898
250.8	-0.113962	1.02553
250.9	-0.0108391	1.0318
251	0.0923954	1.02773
251.1	0.194706	1.01335
251.2	0.295067	0.988812
251.3	0.392473	0.954361
251.4	0.485947	0.910342
251.5	0.574551	0.857195
251.6	0.657398	0.795454
251.7	0.733657	0.725737
251.8	0.802562	0.648743
251.9	0.863423	0.565243
252	0.915631	0.476074
252.1	0.95866	0.382131
252.2	0.99208	0.284354
252.3	1.01555	0.183724
252.4	1.02885	0.0812503
252.5	1.03183	-0.0220409
252.6	1.02447	-0.125114
252.7	1.00683	-0.226935
252.8	0.979105	-0.326483
252.9	0.941562	-0.422762
253	0.894578	-0.514804
253.1	0.838624	-0.601688
253.2	0.774262	-0.682542
253.3	0.702137	-0.756555
253.4	0.622971	-0.822986
253.5	0.537557	-0.881168
253.6	0.446753	-0.930518
253.7	0.351467	-0.970541
253.8	0.252656	-1.00083
253.9	0.151309	-1.0211
254	0.0484428	-1.03112
254.1	-0.0549116	-1.03081
254.2	-0.157718	-1.02017
254.3	-0.258946	-0.999293
254.4	-0.357581	-0.968401
254.5	-0.452633	-0.927801
254.6	-0.54315	-0.877899
254.7	-0.628224	-0.819195
254.8	-0.707002	-0.752276
254.9	-0.778695	-0.677815
255	-0.842583	-0.596556
255.1	-0.898026	-0.509315
255.2	-0.944467	-0.416966
255.3	-0.981441	-0.320434
255.4	-1.00858	-0.220688
255.5	-1.0256	-0.118727
255.6	-1.03235	-0.0155729
255.7	-1.02874	0.0877397
255.8	-1.01483	0.190175
255.9	-0.990734	0.290707
256	-0.95671	0.388327
256.1	-0.913094	0.482056
256.2	-0.860322	0.570955
256.3	-0.798925	0.654133
256.4	-0.729517	0.730755
256.5	-0.652794	0.800053
256.6	-0.569525	0.861332
256.7	-0.480544	0.913978
256.8	-0.386744	0.957462
256.9	-0.289064	0.991349
257	-0.188484	1.0153
257.1	-0.0860113	1.02907
257.2	0.0173259	1.03253
257.3	0.120492	1.02563
257.4	0.222453	1.00845
257.5	0.322186	0.981167
257.6	0.418691	0.944042
257.7	0.511002	0.897453
257.8	0.598192	0.841865
257.9	0.679388	0.777837
258	0.753775	0.706009
258.1	0.820607	0.627101
258.2	0.879214	0.541905
258.3	0.929008	0.451274
258.4	0.969491	0.356117
258.5	1.00025	0.257387
258.6	1.02099	0.156075
258.7	1.03149	0.0531952
258.8	1.03166	-0.0502202
258.9	1.02148	-0.153135
259	1.00106	-0.254517
259.1	0.970599	-0.35335
259.2	0.930411	-0.448643
259.3	0.880894	-0.539441
259.4	0.822546	-0.624833
259.5	0.75595	-0.703963
259.6	0.681774	-0.776039
259.7	0.600761	-0.840336
259.8	0.513724	-0.89621
259.9	0.421534	-0.943102
260	0.325116	-0.980539
260.1	0.225437	-1.00815
260.2	0.123495	-1.02565
260.3	0.020312	-1.03287
260.4	-0.0830768	-1.02974
260.5	-0.185635	-1.01628
260.6	-0.286335	-0.992638
260.7	-0.384168	-0.959041
260.8	-0.478151	-0.915829
260.9	-0.567343	-0.863435
261	-0.65085	-0.802384
261.1	-0.727834	-0.733287
261.2	-0.797523	-0.656837
261.3	-0.85922	-0.5738
261.4	-0.912303	-0.485009
261.5	-0.956243	-0.391354
261.6	-0.990597	-0.293773
261.7	-1.01502	-0.193244
261.8	-1.02927	-0.090776
261.9	-1.0332	0.0126049
262	-1.02678	0.115862
262.1	-1.01006	0.21796
262.2	-0.983209	0.317876
262.3	-0.946505	0.414608
262.4	-0.900312	0.507185
262.5	-0.845092	0.59468
262.6	-0.781399	0.676216
262.7	-0.70987	0.750975
262.8	-0.631223	0.818207
262.9	-0.546246	0.877238
263	-0.455791	0.927477
263.1	-0.360765	0.968419
263.2	-0.262119	0.999653
263.3	-0.160843	1.02087
263.4	-0.0579521	1.03185
263.5	0.0455223	1.03248
263.6	0.148543	1.02277
263.7	0.250077	1.0028
263.8	0.349107	0.972778
263.9	0.444639	0.933003
264	0.535716	0.883875
264.1	0.621425	0.825884
264.2	0.700906	0.759612
264.3	0.773363	0.685723
264.4	0.838068	0.604958
264.5	0.894374	0.518127
264.6	0.941714	0.426099
264.7	0.979616	0.329797
264.8	1.0077	0.230186
264.9	1.02568	0.128265
265	1.03338	0.0250563
265.1	1.03071	-0.0784066
265.2	1.01772	-0.181086
265.3	0.994523	-0.281953
265.4	0.961355	-0.379995
265.5	0.918549	-0.474231
265.6	0.866533	-0.563714
265.7	0.805829	-0.647549
265.8	0.737045	-0.724894
265.9	0.66087	-0.794974
266	0.578068	-0.857086
266.1	0.489469	-0.910608
266.2	0.395961	-0.955002
266.3	0.298481	-0.989823
266.4	0.198007	-1.01472
266.5	0.0955444	-1.02945
266.6	-0.00787817	-1.03386
266.7	-0.111224	-1.0279
266.8	-0.213458	-1.01164
266.9	-0.313555	-0.985233
267	-0.41051	-0.948951
267.1	-0.503353	-0.903156
267.2	-0.591151	-0.848305
267.3	-0.673026	-0.784948
267.4	-0.748156	-0.713721
267.5	-0.815787	-0.635336
267.6	-0.875242	-0.550581
267.7	-0.925924	-0.460304
267.8	-0.967324	-0.36541
267.9	-0.999029	-0.26685
268	-1.02072	-0.165613
268.1	-1.03218	-0.0627134
268.2	-1.03329	0.0408178
268.3	-1.02404	0.143942
268.4	-1.00452	0.245627
268.5	-0.974939	0.344851
268.6	-0.935579	0.440621
268.7	-0.886839	0.531975
268.8	-0.829208	0.617999
268.9	-0.763262	0.69783
269	-0.689662	0.770667
269.1	-0.609147	0.83578
269.2	-0.522524	0.892516
269.3	-0.430659	0.940306
269.4	-0.334475	0.97867
269.5	-0.234936	1.00722
269.6	-0.133039	1.02568
269.7	-0.0298056	1.03386
269.8	0.0737292	1.03167
269.9	0.176527	1.01914
270	0.277558	0.996389
270.1	0.37581	0.963651
270.2	0.470296	0.921252
270.3	0.560069	0.869616
270.4	0.644231	0.809261
270.5	0.721936	0.740792
270.6	0.792405	0.664894
270.7	0.854932	0.582329
270.8	0.908891	0.493924
270.9	0.953739	0.400566
271	0.989026	0.303189
271.1	1.0144	0.20277
271.2	1.02961	0.100316
271.3	1.03449	-0.00314569
271.4	1.029	-0.106579
271.5	1.0132	-0.208946
271.6	0.987238	-0.309221
271.7	0.95138	-0.406399
271.8	0.905983	-0.499505
271.9	0.851503	-0.587606
272	0.788485	-0.669818
272.1	0.71756	-0.745317
272.2	0.639441	-0.813347
272.3	0.554909	-0.873224
272.4	0.464812	-0.924349
272.5	0.370053	-0.966209
272.6	0.271582	-0.998383
272.7	0.170386	-1.02055
272.8	0.0674789	-1.03248
272.9	-0.0361069	-1.03407
273	-0.139333	-1.02529
273.1	-0.241166	-1.00623
273.2	-0.340583	-0.977082
273.3	-0.436588	-0.938138
273.4	-0.528219	-0.889789
273.5	-0.614557	-0.832518
273.6	-0.694736	-0.7669
273.7	-0.767952	-0.693591
273.8	-0.833471	-0.613328
273.9	-0.890637	-0.526915
274	-0.938875	-0.435216
274.1	-0.977702	-0.339153
274.2	-1.00673	-0.239687
274.3	-1.02566	-0.137815
274.4	-1.03432	-0.0345598
274.5	-1.0326	0.0690447
274.6	-1.02053	0.17196
274.7	-0.998236	0.273153
274.8	-0.965929	0.371611
274.9	-0.923938	0.466346
275	-0.872684	0.556408
275.1	-0.81268	0.640894
275.2	-0.744527	0.718958
275.3	-0.668909	0.789816
275.4	-0.586582	0.852758
275.5	-0.498374	0.907152
275.6	-0.405167	0.952454
275.7	-0.307896	0.988208
275.8	-0.207535	1.01406
275.9	-0.105092	1.02974
276	-0.00159243	1.0351
276.1	0.101926	1.03008
276.2	0.204424	1.01474
276.3	0.304876	0.989225
276.4	0.402274	0.953791
276.5	0.495642	0.908795
276.6	0.584043	0.854687
276.7	0.666592	0.792009
276.8	0.74246	0.72139
276.9	0.810887	0.643537
277	0.871186	0.55923
277.1	0.922753	0.469316
277.2	0.965071	0.374694
277.3	0.997715	0.276313
277.4	1.02036	0.17516
277.5	1.03277	0.0722486
277.6	1.03483	-0.0313898
277.7	1.02652	-0.134716
277.8	1.00792	-0.236694
277.9	0.979206	-0.336303
278	0.94068	-0.432542
278.1	0.892722	-0.524447
278.2	0.835814	-0.611097
278.3	0.770525	-0.691623
278.4	0.69751	-0.765217
278.5	0.617501	-0.831142
278.6	0.531299	-0.888737
278.7	0.439769	-0.937423
278.8	0.343828	-0.976713
278.9	0.244438	-1.00621
279	0.142594	-1.02562
279.1	0.0393189	-1.03476
279.2	-0.0643533	-1.03351
279.3	-0.167383	-1.02191
279.4	-0.268737	-1.00006
279.5	-0.3674	-0.968189
279.6	-0.462382	-0.926608
279.7	-0.552731	-0.875737
279.8	-0.637541	-0.816085
279.9	-0.715962	-0.748251
280	-0.787207	-0.672914
280.1	-0.850562	-0.590828
280.2	-0.905392	-0.502818
280.3	-0.951147	-0.409765
280.4	-0.987368	-0.312601
280.5	-1.01369	-0.212301
280.6	-1.02985	-0.109871
280.7	-1.03569	-0.00633608
280.8	-1.03115	0.0972647
280.9	-1.01626	0.199893
281	-0.991193	0.30052
281.1	-0.956185	0.398136
281.2	-0.91159	0.491764
281.3	-0.857856	0.580464
281.4	-0.79552	0.663348
281.5	-0.725208	0.739583
281.6	-0.647624	0.808406
281.7	-0.563545	0.869126
281.8	-0.473814	0.921135
281.9	-0.379332	0.963911
282	-0.281044	0.997024
282.1	-0.179936	1.02014
282.2	-0.0770224	1.03304
282.3	0.0266664	1.03557
282.4	0.13009	1.02773
282.5	0.232213	1.00958
282.6	0.33201	0.981312
282.7	0.428481	0.943205
282.8	0.520659	0.895641
282.9	0.60762	0.839097
283	0.688492	0.774139
283.1	0.762463	0.701419
283.2	0.828793	0.621666
283.3	0.886815	0.535678
283.4	0.935949	0.444318
283.5	0.975701	0.348502
283.6	1.00567	0.249189
283.7	1.02556	0.147376
283.8	1.03517	0.0440828
283.9	1.03441	-0.059655
284	1.02327	-0.162797
284.1	1.00187	-0.26431
284.2	0.970432	-0.363176
284.3	0.929262	-0.458403
284.4	0.878775	-0.549037
284.5	0.819478	-0.634169
284.6	0.751963	-0.712946
284.7	0.676909	-0.784578
284.8	0.595066	-0.848346
284.9	0.507257	-0.903611
285	0.414359	-0.949818
285.1	0.317306	-0.986505
285.2	0.217068	-1.0133
285.3	0.114653	-1.02994
285.4	0.0110852	-1.03626
285.5	-0.0925962	-1.03219
285.6	-0.195352	-1.01777
285.7	-0.296152	-0.993142
285.8	-0.393985	-0.958561
285.9	-0.487871	-0.91437
286	-0.576869	-0.861011
286.1	-0.660086	-0.799019
286.2	-0.736687	-0.729015
286.3	-0.805905	-0.651701
286.4	-0.867046	-0.567852
286.5	-0.919496	-0.478308
286.6	-0.962729	-0.383967
286.7	-0.996312	-0.285775
286.8	-1.01991	-0.184715
286.9	-1.03328	-0.0818001
287	-1.03629	0.0219369
287.1	-1.02892	0.125457
287.2	-1.01123	0.227721
287.3	-0.9834	0.327705
287.4	-0.945712	0.424407
287.5	-0.898543	0.516856
287.6	-0.842365	0.604126
287.7	-0.77774	0.685342
287.8	-0.705318	0.759689
287.9	-0.625822	0.826423
288	-0.540051	0.884873
288.1	-0.448863	0.934453
288.2	-0.353174	0.974667
288.3	-0.253941	1.00511
288.4	-0.15216	1.02548
288.5	-0.0488513	1.03557
288.6	0.0549499	1.03528
288.7	0.158203	1.0246
288.8	0.259872	1.00366
288.9	0.358939	0.972656
289	0.45441	0.931899
289.1	0.545328	0.881798
289.2	0.630781	0.822856
289.3	0.709912	0.755664
289.4	0.781929	0.680894
289.5	0.846109	0.599297
289.6	0.901808	0.51169
289.7	0.948468	0.41895
289.8	0.985621	0.322009
289.9	1.01289	0.221837
290	1.03001	0.119438
290.1	1.03681	0.0158396
290.2	1.03321	-0.0879202
290.3	1.01925	-0.190801
290.4	0.995072	-0.291772
290.5	0.960919	-0.38982
290.6	0.917133	-0.483963
290.7	0.864151	-0.573257
290.8	0.802504	-0.656806
290.9	0.732811	-0.733772
291	0.65577	-0.803384
291.1	0.572153	-0.864944
291.2	0.482798	-0.917835
291.3	0.3886	-0.961525
291.4	0.290505	-0.995578
291.5	0.189494	-1.01965
291.6	0.0865817	-1.0335
291.7	-0.0172013	-1.03699
291.8	-0.120815	-1.03009
291.9	-0.223219	-1.01286
292	-0.323389	-0.985469
292.1	-0.420319	-0.948203
292.2	-0.513037	-0.90143
292.3	-0.600615	-0.845619
292.4	-0.682174	-0.78133
292.5	-0.756896	-0.709205
292.6	-0.824032	-0.62997
292.7	-0.882909	-0.544417
292.8	-0.932936	-0.453404
292.9	-0.973612	-0.357843
293	-1.00453	-0.258693
293.1	-1.02537	-0.156947
293.2	-1.03594	-0.0536243
293.3	-1.03613	0.050238
293.4	-1.02592	0.153599
293.5	-1.00543	0.255423
293.6	-0.974862	0.354689
293.7	-0.934518	0.450402
293.8	-0.884806	0.541602
293.9	-0.826221	0.627375
294	-0.759353	0.70686
294.1	-0.68487	0.779261
294.2	-0.60352	0.843852
294.3	-0.516117	0.899984
294.4	-0.423538	0.947096
294.5	-0.326711	0.984714
294.6	-0.226606	1.01246
294.7	-0.124226	1.03006
294.8	-0.0205993	1.03733
294.9	0.0832369	1.03421
295	0.186241	1.02071
295.1	0.287381	0.996983
295.2	0.385643	0.96326
295.3	0.48004	0.91988
295.4	0.569628	0.867276
295.5	0.653508	0.805977
295.6	0.730838	0.736596
295.7	0.800843	0.65983
295.8	0.862822	0.576446
295.9	0.916153	0.487282
296	0.9603	0.39323
296.1	0.994821	0.295234
296.2	1.01937	0.194276
296.3	1.0337	0.0913671
296.4	1.03767	-0.0124599
296.5	1.03124	-0.116165
296.6	1.01446	-0.218707
296.7	0.98752	-0.31906
296.8	0.950676	-0.416217
296.9	0.904301	-0.509203
297	0.848859	-0.597087
297.1	0.784906	-0.678988
297.2	0.713083	-0.754083
297.3	0.634109	-0.821621
297.4	0.548776	-0.880924
297.5	0.45794	-0.931397
297.6	0.362511	-0.972534
297.7	0.263445	-1.00392
297.8	0.161735	-1.02525
297.9	0.0584019	-1.03629
298	-0.0455196	-1.03695
298.1	-0.148987	-1.02722
298.2	-0.250964	-1.00718
298.3	-0.350427	-0.97705
298.4	-0.44638	-0.937122
298.5	-0.53786	-0.887798
298.6	-0.623951	-0.829573
298.7	-0.703789	-0.76303
298.8	-0.776573	-0.688836
298.9	-0.841573	-0.607734
299	-0.898139	-0.520538
299.1	-0.945702	-0.428122
299.2	-0.983786	-0.331411
299.3	-1.01201	-0.231375
299.4	-1.03009	-0.129018
299.5	-1.03784	-0.0253642
299.6	-1.03518	0.0785463
299.7	-1.02215	0.181672
299.8	-0.998875	0.282979
299.9	-0.965583	0.381452
300	-0.92261	0.476103
300.1	-0.870387	0.565983
300.2	-0.809437	0.650192
300.3	-0.74037	0.727885
300.4	-0.66388	0.798282
300.5	-0.580732	0.860679
300.6	-0.491761	0.914449
300.7	-0.397857	0.959052
300.8	-0.299962	0.994043
300.9	-0.199058	1.01907
301	-0.0961562	1.03388
301.1	0.00771255	1.03833
301.2	0.111507	1.03236
301.3	0.214185	1.01605
301.4	0.314719	0.989551
301.5	0.412101	0.953132
301.6	0.505354	0.907156
301.7	0.593542	0.852085
301.8	0.675783	0.78847
301.9	0.751251	0.71695
302	0.81919	0.63824
302.1	0.878918	0.553129
302.2	0.929836	0.462472
302.3	0.971434	0.367176
302.4	1.00329	0.268197
302.5	1.0251	0.166526
302.6	1.03663	0.0631838
302.7	1.03776	-0.0407946
302.8	1.02849	-0.144367
302.9	1.00891	-0.246494
303	0.979219	-0.346153
303.1	0.939708	-0.442344
303.2	0.890775	-0.534103
303.3	0.832911	-0.62051
303.4	0.766695	-0.700699
303.5	0.692792	-0.773865
303.6	0.611941	-0.839274
303.7	0.524954	-0.896272
303.8	0.432702	-0.944286
303.9	0.33611	-0.982835
304	0.236146	-1.01153
304.1	0.133812	-1.03009
304.2	0.0301341	-1.03832
304.3	-0.0738486	-1.03614
304.4	-0.177093	-1.02358
304.5	-0.278566	-1.00075
304.6	-0.377248	-0.967888
304.7	-0.47215	-0.925324
304.8	-0.562322	-0.873482
304.9	-0.646858	-0.812883
305	-0.724912	-0.744133
305.1	-0.795701	-0.667921
305.2	-0.858515	-0.585011
305.3	-0.912723	-0.496234
305.4	-0.957783	-0.402481
305.5	-0.993242	-0.30469
305.6	-1.01875	-0.203843
305.7	-1.03404	-0.100949
305.8	-1.03896	0.00295949
305.9	-1.03347	0.106841
306	-1.01762	0.209653
306.1	-0.991565	0.310367
306.2	-0.95557	0.407972
306.3	-0.909995	0.501489
306.4	-0.855296	0.589981
306.5	-0.792022	0.672561
306.6	-0.720806	0.7484
306.7	-0.642362	0.816739
306.8	-0.557476	0.876891
306.9	-0.466999	0.928254
307	-0.371839	0.970313
307.1	-0.272948	1.00265
307.2	-0.171319	1.02493
307.3	-0.06797	1.03693
307.4	0.0360633	1.03855
307.5	0.139738	1.02975
307.6	0.242014	1.01062
307.7	0.341866	0.98137
307.8	0.438294	0.942277
307.9	0.53033	0.893736
308	0.617052	0.836234
308.1	0.69759	0.770348
308.2	0.771137	0.696737
308.3	0.836955	0.61614
308.4	0.894384	0.529364
308.5	0.942849	0.437278
308.6	0.981862	0.340807
308.7	1.01103	0.240917
308.8	1.03007	0.138609
308.9	1.03878	0.0349089
309	1.03708	-0.0691437
309.1	1.02498	-0.172506
309.2	1.0026	-0.274141
309.3	0.970175	-0.373031
309.4	0.928021	-0.468183
309.5	0.876563	-0.558644
309.6	0.816316	-0.643507
309.7	0.747884	-0.721921
309.8	0.671952	-0.7931
309.9	0.589282	-0.85633
310	0.500703	-0.910976
310.1	0.407102	-0.956492
310.2	0.309417	-0.992419
310.3	0.208628	-1.0184
310.4	0.105745	-1.03417
310.5	0.00179922	-1.03957
310.6	-0.102167	-1.03456
310.7	-0.205112	-1.01917
310.8	-0.306003	-0.993559
310.9	-0.403829	-0.957991
311	-0.497609	-0.912818
311.1	-0.586402	-0.858493
311.2	-0.66932	-0.79556
311.3	-0.745529	-0.724651
311.4	-0.814267	-0.646474
311.5	-0.874843	-0.561815
311.6	-0.92665	-0.471522
311.7	-0.969169	-0.376499
311.8	-1.00197	-0.2777
311.9	-1.02473	-0.176114
312	-1.03722	-0.0727603
312.1	-1.03931	0.0313256
312.2	-1.03098	0.1351
312.3	-1.01232	0.237523
312.4	-0.983503	0.337567
312.5	-0.944829	0.434229
312.6	-0.896682	0.526541
312.7	-0.839544	0.613577
312.8	-0.773989	0.694463
312.9	-0.700673	0.76839
313	-0.62033	0.834615
313.1	-0.533767	0.892475
313.2	-0.441851	0.941389
313.3	-0.345503	0.980867
313.4	-0.245688	1.01051
313.5	-0.143409	1.03003
313.6	-0.0396887	1.03922
313.7	0.0644318	1.03799
313.8	0.167909	1.02636
313.9	0.269705	1.00444
