0.001 1.39913e-06
0.001999 5.59669e-06
0.002998 1.2599e-05
0.003997 2.24273e-05
0.004996 3.50464e-05
0.005995 5.04147e-05
0.006994 6.88424e-05
0.007993 8.97236e-05
0.008992 0.000113615
0.009991 0.000140933
0.01099 0.000170701
0.011989 0.000202283
0.012988 0.000238892
0.013987 0.00027733
0.014986 0.000317023
0.015985 0.000361813
0.016984 0.000409481
0.017983 0.000456429
0.018982 0.000512478
0.019981 0.000566359
0.02098 0.000625966
0.021979 0.000690063
0.022978 0.000748082
0.023977 0.000813641
0.024976 0.000886894
0.025975 0.000967345
0.026974 0.00104056
0.027973 0.00111621
0.028972 0.00119244
0.029971 0.00128627
0.03097 0.00137935
0.031969 0.00146897
0.032968 0.00155141
0.033967 0.00165001
0.034966 0.00176693
0.035965 0.00184027
0.036964 0.0019622
0.037963 0.00206651
0.038962 0.00218809
0.039961 0.00228489
0.04096 0.00239678
0.041959 0.0025261
0.042958 0.00267406
0.043957 0.00278531
0.044956 0.00291173
0.045955 0.00305524
0.046954 0.00321682
0.047953 0.00332615
0.048952 0.00344788
0.049951 0.00358453
0.05095 0.00373801
0.051949 0.00390955
0.052948 0.00409948
0.053947 0.0042075
0.054946 0.00443492
0.055945 0.00457365
0.056944 0.00472552
0.057943 0.00489237
0.058942 0.00507558
0.059941 0.00527593
0.06094 0.00534772
0.061939 0.0055835
0.062938 0.00583735
0.063937 0.00594848
0.064936 0.00624085
0.065935 0.00638081
0.066934 0.00652919
0.067933 0.00668818
0.068932 0.0068598
0.069931 0.007264
0.07093 0.00747541
0.071929 0.00746694
0.072928 0.00770404
0.073927 0.00795952
0.074926 0.00823328
0.075925 0.00852466
0.076924 0.00883238
0.077923 0.00887937
0.078922 0.00922731
0.079921 0.00928002
0.08092 0.00967126
0.081919 0.00973875
0.082918 0.0101738
0.083917 0.0102643
0.084916 0.0107402
0.085915 0.0108608
0.086914 0.010977
0.087913 0.0115267
0.088912 0.0116821
0.089911 0.0118388
0.09091 0.0124501
0.091909 0.0126514
0.092908 0.0128587
0.093907 0.0130735
0.094906 0.0132974
0.095905 0.0135318
0.096904 0.0137781
0.097903 0.0140375
0.098902 0.0143113
0.099901 0.0146002
0.1009 0.0149053
0.101899 0.015227
0.102898 0.0155658
0.103897 0.015922
0.104896 0.0162955
0.105895 0.0166859
0.106894 0.0170927
0.107893 0.0175149
0.108892 0.0179513
0.109891 0.0184002
0.11089 0.0181318
0.111889 0.0186325
0.112888 0.0191458
0.113887 0.0196686
0.114886 0.0193613
0.115885 0.0199476
0.116884 0.0205408
0.117883 0.0211365
0.118882 0.020839
0.119881 0.0215061
0.12088 0.0221696
0.121879 0.0218485
0.122878 0.0225886
0.123877 0.0233161
0.124876 0.0229973
0.125875 0.0238042
0.126874 0.0245859
0.127873 0.0242973
0.128872 0.0251578
0.129871 0.0259768
0.13087 0.0257478
0.131869 0.026641
0.132868 0.026365
0.133867 0.0273329
0.134866 0.027018
0.135865 0.0280601
0.136864 0.027715
0.137863 0.0288293
0.138862 0.028463
0.139861 0.0296461
0.14086 0.0307166
0.141859 0.0305151
0.142858 0.0316322
0.143857 0.0314394
0.144856 0.031069
0.145855 0.0324204
0.146854 0.0320698
0.147853 0.0334578
0.148852 0.0331383
0.149851 0.034549
0.15085 0.0342721
0.151849 0.035689
0.152848 0.0354667
0.153847 0.0368704
0.154846 0.0367146
0.155845 0.0363826
0.156844 0.0380054
0.157843 0.0377547
0.158842 0.0393254
0.159841 0.0391687
0.16084 0.0388358
0.161839 0.040607
0.162838 0.0403842
0.163837 0.0399833
0.164836 0.0419485
0.165835 0.0416744
0.166834 0.0435028
0.167833 0.0433687
0.168832 0.0430594
0.169831 0.0450352
0.17083 0.0448836
0.171829 0.0445561
0.172828 0.0466564
0.173827 0.0465049
0.174826 0.0461777
0.175825 0.0483728
0.176824 0.0482402
0.177823 0.0479322
0.178822 0.0501852
0.179821 0.0500908
0.18082 0.0498223
0.181819 0.0520876
0.182818 0.0520518
0.183817 0.0518435
0.184816 0.0514578
0.185815 0.0541102
0.186814 0.0539835
0.187813 0.0536816
0.188812 0.0562443
0.189811 0.056221
0.19081 0.0560254
0.191809 0.0556529
0.192808 0.0585243
0.193807 0.0584578
0.194806 0.0582177
0.195805 0.0577995
0.196804 0.0609357
0.197803 0.0608515
0.198802 0.0605932
0.199801 0.0601563
0.2008 0.0634978
0.201799 0.0634234
0.202798 0.0631751
0.203797 0.0627485
0.204796 0.0662188
0.205795 0.0661833
0.206794 0.0659748
0.207793 0.0655889
0.208792 0.0690922
0.209791 0.0691261
0.21079 0.0689887
0.211789 0.0686756
0.212788 0.072095
0.213787 0.0722297
0.214786 0.0721958
0.215785 0.0719888
0.216784 0.0716043
0.217783 0.0754516
0.218782 0.0755543
0.219781 0.0754874
0.22078 0.0752463
0.221779 0.0748269
0.222778 0.0789986
0.223777 0.0791061
0.224776 0.0790437
0.225775 0.0788072
0.226774 0.0783925
0.227773 0.082752
0.228772 0.0829035
0.229771 0.0828862
0.23077 0.0826956
0.231769 0.0823277
0.232768 0.0867012
0.233767 0.0869383
0.234766 0.0870085
0.235765 0.0869075
0.236764 0.0866311
0.237763 0.0861754
0.238762 0.0911689
0.239761 0.0913709
0.24076 0.0914048
0.241759 0.0912663
0.242758 0.0909514
0.243757 0.0904563
0.244756 0.0958935
0.245755 0.0961087
0.246754 0.0961557
0.247753 0.0960303
0.248752 0.0957286
0.249751 0.0952469
0.25075 0.100892
0.251749 0.101173
0.252748 0.101286
0.253747 0.101228
0.254746 0.100995
0.255745 0.100584
0.256744 0.106136
0.257743 0.106536
0.258742 0.106771
0.259741 0.106839
0.26074 0.106734
0.261739 0.106452
0.262738 0.105991
0.263737 0.11211
0.264736 0.112527
0.265735 0.112779
0.266734 0.112862
0.267733 0.112773
0.268732 0.112508
0.269731 0.112063
0.27073 0.118393
0.271729 0.11889
0.272728 0.119225
0.273727 0.119392
0.274726 0.119388
0.275725 0.119209
0.276724 0.118852
0.277723 0.118313
0.278722 0.125575
0.279721 0.126061
0.28072 0.126383
0.281719 0.126537
0.282718 0.126519
0.283717 0.126326
0.284716 0.125954
0.285715 0.132431
0.286714 0.133141
0.287713 0.133692
0.288712 0.13408
0.289711 0.1343
0.29071 0.13435
0.291709 0.134225
0.292708 0.133923
0.293707 0.133439
0.294706 0.141054
0.295705 0.141752
0.296704 0.142289
0.297703 0.142661
0.298702 0.142866
0.299701 0.142898
0.3007 0.142756
0.301699 0.142434
0.302698 0.141931
0.303697 0.150074
0.304696 0.150848
0.305695 0.151462
0.306694 0.151912
0.307693 0.152195
0.308692 0.152308
0.309691 0.152246
0.31069 0.152006
0.311689 0.151585
0.312688 0.159426
0.313687 0.160371
0.314686 0.16116
0.315685 0.161789
0.316684 0.162254
0.317683 0.162551
0.318682 0.162676
0.319681 0.162627
0.32068 0.162399
0.321679 0.16199
0.322678 0.170074
0.323677 0.171141
0.324676 0.172053
0.325675 0.172806
0.326674 0.173396
0.327673 0.173821
0.328672 0.174076
0.329671 0.174158
0.33067 0.174063
0.331669 0.173789
0.332668 0.173333
0.333667 0.182216
0.334666 0.183365
0.335665 0.18436
0.336664 0.185197
0.337663 0.185872
0.338662 0.186381
0.339661 0.186722
0.34066 0.18689
0.341659 0.186882
0.342658 0.186696
0.343657 0.186328
0.344656 0.185776
0.345655 0.196009
0.346654 0.197215
0.347653 0.198267
0.348652 0.19916
0.349651 0.199891
0.35065 0.200457
0.351649 0.200853
0.352648 0.201077
0.353647 0.201126
0.354646 0.200996
0.355645 0.200684
0.356644 0.200188
0.357643 0.210197
0.358642 0.211601
0.359641 0.212852
0.36064 0.213949
0.361639 0.214886
0.362638 0.21566
0.363637 0.216269
0.364636 0.216707
0.365635 0.216973
0.366634 0.217063
0.367633 0.216974
0.368632 0.216704
0.369631 0.216248
0.37063 0.226088
0.371629 0.227693
0.372628 0.229148
0.373627 0.230451
0.374626 0.231596
0.375625 0.232582
0.376624 0.233405
0.377623 0.23406
0.378622 0.234546
0.379621 0.234858
0.38062 0.234993
0.381619 0.23495
0.382618 0.234724
0.383617 0.234313
0.384616 0.243789
0.385615 0.245616
0.386614 0.247297
0.387613 0.248828
0.388612 0.250205
0.389611 0.251425
0.39061 0.252485
0.391609 0.25338
0.392608 0.254108
0.393607 0.254666
0.394606 0.255051
0.395605 0.255258
0.396604 0.255286
0.397603 0.255132
0.398602 0.254792
0.399601 0.254264
0.4006 0.265418
0.401599 0.267368
0.402598 0.269171
0.403597 0.270824
0.404596 0.272324
0.405595 0.273666
0.406594 0.274848
0.407593 0.275866
0.408592 0.276718
0.409591 0.277399
0.41059 0.277906
0.411589 0.278238
0.412588 0.27839
0.413587 0.27836
0.414586 0.278146
0.415585 0.277743
0.416584 0.277151
0.417583 0.2893
0.418582 0.291443
0.419581 0.29344
0.42058 0.295288
0.421579 0.296984
0.422578 0.298524
0.423577 0.299905
0.424576 0.301123
0.425575 0.302176
0.426574 0.30306
0.427573 0.303772
0.428572 0.304309
0.429571 0.304669
0.43057 0.304848
0.431569 0.304843
0.432568 0.304652
0.433567 0.304272
0.434566 0.303701
0.435565 0.315365
0.436564 0.3178
0.437563 0.320092
0.438562 0.322237
0.439561 0.324234
0.44056 0.326077
0.441559 0.327764
0.442558 0.329292
0.443557 0.330657
0.444556 0.331856
0.445555 0.332887
0.446554 0.333746
0.447553 0.33443
0.448552 0.334936
0.449551 0.335261
0.45055 0.335403
0.451549 0.335359
0.452548 0.335126
0.453547 0.334702
0.454546 0.343233
0.455545 0.346087
0.456544 0.348805
0.457543 0.351381
0.458542 0.353813
0.459541 0.356098
0.46054 0.358232
0.461539 0.360212
0.462538 0.362035
0.463537 0.363697
0.464536 0.365196
0.465535 0.366528
0.466534 0.367691
0.467533 0.36868
0.468532 0.369494
0.469531 0.37013
0.47053 0.370584
0.471529 0.370854
0.472528 0.370938
0.473527 0.370832
0.474526 0.370534
0.475525 0.370042
0.476524 0.378657
0.477523 0.381827
0.478522 0.384861
0.479521 0.387757
0.48052 0.39051
0.481519 0.393118
0.482518 0.395577
0.483517 0.397884
0.484516 0.400036
0.485515 0.402029
0.486514 0.403861
0.487513 0.405529
0.488512 0.407028
0.489511 0.408358
0.49051 0.409514
0.491509 0.410493
0.492508 0.411293
0.493507 0.411912
0.494506 0.412345
0.495505 0.412591
0.496504 0.412647
0.497503 0.41251
0.498502 0.412179
0.499501 0.411649
0.5005 0.419166
0.501499 0.422735
0.502498 0.426172
0.503497 0.429472
0.504496 0.432634
0.505495 0.435652
0.506494 0.438524
0.507493 0.441248
0.508492 0.443819
0.509491 0.446235
0.51049 0.448492
0.511489 0.450588
0.512488 0.45252
0.513487 0.454283
0.514486 0.455877
0.515485 0.457296
0.516484 0.45854
0.517483 0.459604
0.518482 0.460487
0.519481 0.461185
0.52048 0.461695
0.521479 0.462015
0.522478 0.462143
0.523477 0.462076
0.524476 0.461811
0.525475 0.461346
0.526474 0.464413
0.527473 0.468523
0.528472 0.472505
0.529471 0.476356
0.53047 0.480073
0.531469 0.483652
0.532468 0.487089
0.533467 0.490383
0.534466 0.493529
0.535465 0.496525
0.536464 0.499368
0.537463 0.502054
0.538462 0.504581
0.539461 0.506945
0.54046 0.509143
0.541459 0.511173
0.542458 0.513031
0.543457 0.514716
0.544456 0.516223
0.545455 0.517549
0.546454 0.518694
0.547453 0.519652
0.548452 0.520422
0.549451 0.521002
0.55045 0.521388
0.551449 0.521578
0.552448 0.521569
0.553447 0.521359
0.554446 0.520946
0.555445 0.520327
0.556444 0.522655
0.557443 0.527267
0.558442 0.531753
0.559441 0.536109
0.56044 0.540333
0.561439 0.544421
0.562438 0.54837
0.563437 0.552178
0.564436 0.55584
0.565435 0.559354
0.566434 0.562717
0.567433 0.565926
0.568432 0.568978
0.569431 0.571869
0.57043 0.574597
0.571429 0.577159
0.572428 0.579552
0.573427 0.581773
0.574426 0.583819
0.575425 0.585687
0.576424 0.587375
0.577423 0.588879
0.578422 0.590197
0.579421 0.591326
0.58042 0.592264
0.581419 0.593008
0.582418 0.593554
0.583417 0.593902
0.584416 0.594047
0.585415 0.593988
0.586414 0.593723
0.587413 0.593248
0.588412 0.584568
0.589411 0.589983
0.59041 0.595279
0.591409 0.600453
0.592408 0.605502
0.593407 0.610423
0.594406 0.615212
0.595405 0.619867
0.596404 0.624384
0.597403 0.62876
0.598402 0.632993
0.599401 0.637079
0.6004 0.641015
0.601399 0.644798
0.602398 0.648426
0.603397 0.651895
0.604396 0.655201
0.605395 0.658344
0.606394 0.661318
0.607393 0.664122
0.608392 0.666752
0.609391 0.669206
0.61039 0.67148
0.611389 0.673573
0.612388 0.675481
0.613387 0.677201
0.614386 0.67873
0.615385 0.680067
0.616384 0.681207
0.617383 0.68215
0.618382 0.682891
0.619381 0.683428
0.62038 0.68376
0.621379 0.683883
0.622378 0.683794
0.623377 0.683492
0.624376 0.682974
0.625375 0.66453
0.626374 0.670802
0.627373 0.67696
0.628372 0.683002
0.629371 0.688924
0.63037 0.694723
0.631369 0.700396
0.632368 0.70594
0.633367 0.711353
0.634366 0.71663
0.635365 0.72177
0.636364 0.726768
0.637363 0.731622
0.638362 0.736329
0.639361 0.740886
0.64036 0.74529
0.641359 0.749538
0.642358 0.753626
0.643357 0.757553
0.644356 0.761314
0.645355 0.764907
0.646354 0.76833
0.647353 0.771579
0.648352 0.774651
0.649351 0.777543
0.65035 0.780253
0.651349 0.782777
0.652348 0.785114
0.653347 0.787259
0.654346 0.789211
0.655345 0.790967
0.656344 0.792523
0.657343 0.793877
0.658342 0.795027
0.659341 0.79597
0.66034 0.796703
0.661339 0.797224
0.662338 0.797529
0.663337 0.797618
0.664336 0.797486
0.665335 0.797133
0.666334 0.796554
0.667333 0.763165
0.668332 0.77051
0.669331 0.777747
0.67033 0.784873
0.671329 0.791887
0.672328 0.798785
0.673327 0.805564
0.674326 0.81222
0.675325 0.818751
0.676324 0.825154
0.677323 0.831426
0.678322 0.837564
0.679321 0.843564
0.68032 0.849425
0.681319 0.855142
0.682318 0.860712
0.683317 0.866134
0.684316 0.871403
0.685315 0.876517
0.686314 0.881472
0.687313 0.886267
0.688312 0.890897
0.689311 0.89536
0.69031 0.899652
0.691309 0.903772
0.692308 0.907716
0.693307 0.91148
0.694306 0.915063
0.695305 0.918461
0.696304 0.921671
0.697303 0.924691
0.698302 0.927517
0.699301 0.930147
0.7003 0.932579
0.701299 0.934808
0.702298 0.936833
0.703297 0.93865
0.704296 0.940257
0.705295 0.941652
0.706294 0.942831
0.707293 0.943792
0.708292 0.944532
0.709291 0.945049
0.71029 0.945339
0.711289 0.945402
0.712288 0.945233
0.713287 0.944831
0.714286 0.877632
0.715285 0.886457
0.716284 0.895186
0.717283 0.903817
0.718282 0.912346
0.719281 0.920771
0.72028 0.929089
0.721279 0.937296
0.722278 0.94539
0.723277 0.953368
0.724276 0.961226
0.725275 0.968962
0.726274 0.976573
0.727273 0.984055
0.728272 0.991407
0.729271 0.998623
0.73027 1.0057
0.731269 1.01264
0.732268 1.01944
0.733267 1.02609
0.734266 1.03259
0.735265 1.03894
0.736264 1.04513
0.737263 1.05116
0.738262 1.05703
0.739261 1.06274
0.74026 1.06828
0.741259 1.07365
0.742258 1.07885
0.743257 1.08387
0.744256 1.08871
0.745255 1.09337
0.746254 1.09784
0.747253 1.10212
0.748252 1.10622
0.749251 1.11011
0.75025 1.11382
0.751249 1.11732
0.752248 1.12062
0.753247 1.12371
0.754246 1.12659
0.755245 1.12926
0.756244 1.13172
0.757243 1.13396
0.758242 1.13598
0.759241 1.13778
0.76024 1.13935
0.761239 1.14069
0.762238 1.1418
0.763237 1.14268
0.764236 1.14332
0.765235 1.14372
0.766234 1.14388
0.767233 1.14379
0.768232 1.14346
0.769231 1.02885
0.77023 1.03954
0.771229 1.05014
0.772228 1.06066
0.773227 1.07109
0.774226 1.08143
0.775225 1.09168
0.776224 1.10183
0.777223 1.11187
0.778222 1.12182
0.779221 1.13166
0.78022 1.14139
0.781219 1.151
0.782218 1.16051
0.783217 1.16989
0.784216 1.17916
0.785215 1.1883
0.786214 1.19731
0.787213 1.20619
0.788212 1.21494
0.789211 1.22356
0.79021 1.23204
0.791209 1.24037
0.792208 1.24856
0.793207 1.2566
0.794206 1.26449
0.795205 1.27222
0.796204 1.2798
0.797203 1.28722
0.798202 1.29447
0.799201 1.30156
0.8002 1.30848
0.801199 1.31522
0.802198 1.32179
0.803197 1.32818
0.804196 1.33439
0.805195 1.34041
0.806194 1.34625
0.807193 1.35189
0.808192 1.35734
0.809191 1.36259
0.81019 1.36764
0.811189 1.37249
0.812188 1.37713
0.813187 1.38156
0.814186 1.38578
0.815185 1.38979
0.816184 1.39357
0.817183 1.39714
0.818182 1.40048
0.819181 1.40359
0.82018 1.40647
0.821179 1.40912
0.822178 1.41153
0.823177 1.4137
0.824176 1.41563
0.825175 1.41732
0.826174 1.41876
0.827173 1.41994
0.828172 1.42087
0.829171 1.42155
0.83017 1.42196
0.831169 1.42212
0.832168 1.42201
0.833167 1.42163
0.834166 1.23511
0.835165 1.24828
0.836164 1.26139
0.837163 1.27443
0.838162 1.2874
0.839161 1.30029
0.84016 1.31311
0.841159 1.32584
0.842158 1.33849
0.843157 1.35105
0.844156 1.36353
0.845155 1.37591
0.846154 1.3882
0.847153 1.40038
0.848152 1.41247
0.849151 1.42446
0.85015 1.43633
0.851149 1.4481
0.852148 1.45975
0.853147 1.47129
0.854146 1.48271
0.855145 1.49401
0.856144 1.50518
0.857143 1.51622
0.858142 1.52714
0.859141 1.53791
0.86014 1.54855
0.861139 1.55905
0.862138 1.56941
0.863137 1.57962
0.864136 1.58968
0.865135 1.59958
0.866134 1.60933
0.867133 1.61893
0.868132 1.62835
0.869131 1.63762
0.87013 1.64671
0.871129 1.65563
0.872128 1.66438
0.873127 1.67294
0.874126 1.68133
0.875125 1.68953
0.876124 1.69754
0.877123 1.70536
0.878122 1.71299
0.879121 1.72042
0.88012 1.72764
0.881119 1.73467
0.882118 1.74148
0.883117 1.74809
0.884116 1.75448
0.885115 1.76065
0.886114 1.76661
0.887113 1.77234
0.888112 1.77784
0.889111 1.78311
0.89011 1.78815
0.891109 1.79295
0.892108 1.79752
0.893107 1.80184
0.894106 1.80591
0.895105 1.80973
0.896104 1.81331
0.897103 1.81662
0.898102 1.81968
0.899101 1.82248
0.9001 1.82501
0.901099 1.82727
0.902098 1.82926
0.903097 1.83097
0.904096 1.83241
0.905095 1.83357
0.906094 1.83444
0.907093 1.83503
0.908092 1.83532
0.909091 1.48009
0.91009 1.49692
0.911089 1.51371
0.912088 1.53046
0.913087 1.54718
0.914086 1.56385
0.915085 1.58047
0.916084 1.59704
0.917083 1.61356
0.918082 1.63003
0.919081 1.64644
0.92008 1.66278
0.921079 1.67907
0.922078 1.69528
0.923077 1.71143
0.924076 1.72751
0.925075 1.74351
0.926074 1.75944
0.927073 1.77528
0.928072 1.79104
0.929071 1.80672
0.93007 1.8223
0.931069 1.83779
0.932068 1.85319
0.933067 1.86849
0.934066 1.88369
0.935065 1.89878
0.936064 1.91377
0.937063 1.92864
0.938062 1.94341
0.939061 1.95805
0.94006 1.97258
0.941059 1.98698
0.942058 2.00126
0.943057 2.0154
0.944056 2.02942
0.945055 2.0433
0.946054 2.05704
0.947053 2.07063
0.948052 2.08409
0.949051 2.09739
0.95005 2.11054
0.951049 2.12354
0.952048 2.13638
0.953047 2.14905
0.954046 2.16156
0.955045 2.17391
0.956044 2.18608
0.957043 2.19807
0.958042 2.20989
0.959041 2.22152
0.96004 2.23297
0.961039 2.24423
0.962038 2.2553
0.963037 2.26617
0.964036 2.27685
0.965035 2.28732
0.966034 2.29758
0.967033 2.30764
0.968032 2.31748
0.969031 2.3271
0.97003 2.33651
0.971029 2.34569
0.972028 2.35465
0.973027 2.36337
0.974026 2.37186
0.975025 2.38012
0.976024 2.38813
0.977023 2.3959
0.978022 2.40342
0.979021 2.41069
0.98002 2.4177
0.981019 2.42446
0.982018 2.43095
0.983017 2.43718
0.984016 2.44314
0.985015 2.44882
0.986014 2.45423
0.987013 2.45936
0.988012 2.46421
0.989011 2.46876
0.99001 2.47303
0.991009 2.47701
0.992008 2.48068
0.993007 2.48406
0.994006 2.48713
0.995005 2.48989
0.996004 2.49234
0.997003 2.49447
0.998002 2.49629
0.999001 2.49778
1 2.49895
