1 0 0
2 0.0612967 0.55536
3 0.103825 0
4 0.0655541 0
5 0.0940656 0.344144
6 0.0445243 0.3023
7 0.0670352 0.268209
8 0.0281592 0.240478
9 0.0652933 0.260178
10 0.0658183 0.243347
11 0.0524956 0.18267
12 0.0434785 0.223554
13 0.042034 0.217185
14 0.0373693 0.207754
15 0.0382388 0.198692
16 0.0430873 0.190115
17 0.0323573 0.161603
18 0.0439569 0.18512
19 0.0350431 0.179933
20 0.0417419 0.172072
21 0.0329324 0.16963
22 0.0292175 0.166754
23 0.0341408 0.155998
24 0.0349211 0.145739
25 0.0352234 0.156954
26 0.0321109 0.146557
27 0.0335724 0.142506
28 0.0291872 0.134104
29 0.0322219 0.145758
30 0.0236992 0.138201
31 0.0295638 0.131882
32 0.0329149 0.13884
33 0.0306732 0.133609
34 0.0276068 0.126026
35 0.0257608 0.128292
36 0.0288257 0.129069
37 0.0274746 0.128694
38 0.0305432 0.124553
39 0.0238579 0.125723
40 0.0275034 0.124027
41 0.0254505 0.122622
42 0.0273711 0.120639
43 0.0244712 0.118174
44 0.0269372 0.118403
45 0.0245929 0.115655
46 0.0237615 0.113031
47 0.0230546 0.114328
48 0.0240707 0.113264
49 0.0219513 0.109336
50 0.0284122 0.110983
51 0.022081 0.109957
52 0.0255046 0.108835
53 0.0251493 0.107864
54 0.0242507 0.106806
55 0.0246424 0.103763
56 0.0228915 0.102515
57 0.0198737 0.103241
58 0.0234922 0.100078
59 0.021118 0.102235
60 0.0192318 0.101338
61 0.0215704 0.0994594
62 0.019467 0.0996938
63 0.0215123 0.0943436
64 0.0228769 0.0964336
65 0.0221268 0.0964783
66 0.0211048 0.0955597
67 0.0230532 0.095082
68 0.0209735 0.0932031
69 0.0222189 0.0945409
70 0.019939 0.093873
71 0.0193188 0.0911057
72 0.0180202 0.0924171
73 0.0209927 0.0908743
74 0.0211804 0.0896519
75 0.0196247 0.0904882
76 0.0179499 0.0899665
77 0.0197015 0.0888909
78 0.0187614 0.0886653
79 0.0187779 0.0883005
80 0.0192358 0.0850218
81 0.0196583 0.0871
82 0.0181615 0.0865002
83 0.0179635 0.0861523
84 0.0175575 0.0855968
85 0.018141 0.0851825
86 0.0202809 0.0846
87 0.0180225 0.0841534
88 0.0184376 0.0837237
89 0.0193907 0.0823591
90 0.0180654 0.0814695
91 0.0176281 0.0820882
92 0.0178563 0.0818641
93 0.0197633 0.0814373
94 0.0172086 0.0807137
95 0.0184776 0.0795693
96 0.0181722 0.0800898
97 0.0158476 0.0796391
98 0.0171099 0.0749885
99 0.0177764 0.0788347
100 0.0172711 0.0781461
101 0.016443 0.0780542
102 0.0174482 0.0776313
103 0.0170053 0.0763262
104 0.0173224 0.0760978
105 0.0169908 0.0762252
106 0.0165373 0.0762303
107 0.0175438 0.0753648
108 0.0161253 0.0753673
109 0.0164716 0.075199
110 0.0171289 0.0745747
111 0.0163059 0.0743983
112 0.0162955 0.0740236
113 0.0155636 0.072597
114 0.0163015 0.0733779
115 0.0159845 0.0732138
116 0.0157652 0.0729115
117 0.0163205 0.0726074
118 0.0145934 0.0714556
119 0.0168962 0.0712589
120 0.0149048 0.0716967
121 0.013658 0.0713388
122 0.014492 0.0708673
123 0.0157403 0.0704203
124 0.0150148 0.0703011
125 0.0148691 0.0700658
126 0.0150236 0.06996
127 0.0147948 0.0696907
128 0.0150813 0.0694116
129 0.0147968 0.0690985
130 0.0137207 0.068884
131 0.0148481 0.067895
132 0.0162657 0.0680771
133 0.0139087 0.0680853
134 0.0134478 0.0678178
135 0.0137343 0.0674459
136 0.0141255 0.0672818
137 0.0146548 0.0667983
138 0.0153384 0.0661517
139 0.013184 0.0665321
140 0.013166 0.0659433
141 0.014082 0.0661408
142 0.013614 0.0658503
143 0.0136113 0.0656767
144 0.014717 0.0654435
145 0.0128265 0.065098
146 0.0148307 0.0648474
147 0.0140598 0.0641141
148 0.0140194 0.0639671
149 0.0144989 0.064097
150 0.0135592 0.0640362
151 0.0135618 0.0639134
152 0.0135011 0.0636987
153 0.0144016 0.0633857
154 0.0130223 0.0632037
155 0.0139503 0.0622587
156 0.0139752 0.0627529
157 0.0142064 0.0623131
158 0.0131941 0.0624379
159 0.0133648 0.0621863
160 0.0142997 0.0620863
161 0.0136853 0.0617534
162 0.0134585 0.061702
163 0.0131996 0.0612561
164 0.0130616 0.0611649
165 0.0139672 0.0611151
166 0.0132863 0.0608879
167 0.0133187 0.0603813
168 0.0128732 0.0605561
169 0.0134332 0.0604057
170 0.0128981 0.060087
171 0.0124586 0.059689
172 0.0125842 0.0598496
173 0.0130709 0.0591826
174 0.0125293 0.0594779
175 0.0133646 0.0584316
176 0.0131187 0.0591863
177 0.0124237 0.0590332
178 0.0128314 0.0586298
179 0.012521 0.0586585
180 0.0131729 0.0585257
181 0.012466 0.0583345
182 0.012199 0.0579922
183 0.0124246 0.0578629
184 0.0119743 0.0577771
185 0.01248 0.0576753
186 0.0130368 0.0575882
187 0.0120478 0.0574332
188 0.0117884 0.0572519
189 0.0128207 0.0571093
190 0.0119098 0.0569788
191 0.0131589 0.0568099
192 0.012227 0.0566689
193 0.0125366 0.0564058
194 0.0119421 0.0555156
195 0.0121241 0.0559759
196 0.0120898 0.0560531
197 0.0128991 0.05587
198 0.0121776 0.0557702
199 0.0111122 0.0556184
200 0.0121622 0.0552577
201 0.0118387 0.0553806
202 0.0127308 0.0548008
203 0.012551 0.0547045
204 0.0116626 0.0548937
205 0.0121826 0.0546656
206 0.0118398 0.0542837
207 0.0116644 0.0544045
208 0.0124684 0.0544349
209 0.011257 0.0543116
210 0.0121492 0.0535647
211 0.0116627 0.0538933
212 0.0110459 0.053939
213 0.0114794 0.053814
214 0.0108269 0.0535737
215 0.0120176 0.0535353
216 0.0117508 0.0533272
217 0.0121321 0.0532205
218 0.0113977 0.0531379
219 0.0115032 0.0530717
220 0.0108651 0.0528113
221 0.0118913 0.0528051
222 0.0112326 0.0527103
223 0.0113247 0.0525809
224 0.0106555 0.0521745
225 0.0115636 0.0523552
226 0.0111546 0.0521436
227 0.0113569 0.0521242
228 0.0122064 0.0519963
229 0.0116876 0.0517891
230 0.0114942 0.0517563
231 0.0110699 0.0516362
232 0.0114906 0.0514411
233 0.0108422 0.0512018
234 0.0109966 0.0513131
235 0.0115105 0.051211
236 0.0113834 0.0510957
237 0.011307 0.0509948
238 0.0111346 0.0509098
239 0.0108178 0.0507493
240 0.0104188 0.0506691
241 0.0107183 0.0505915
242 0.0106519 0.0503768
243 0.0108708 0.0501948
244 0.011226 0.0502732
245 0.0112156 0.0501434
246 0.0102753 0.0500752
247 0.0110178 0.0499044
248 0.0100617 0.0497413
249 0.01087 0.0497529
250 0.0107051 0.0496157
251 0.0100017 0.0494853
252 0.0108415 0.0493491
253 0.0105523 0.049266
254 0.0116575 0.0492421
255 0.0113516 0.0490165
256 0.010922 0.0487929
257 0.0106241 0.0488577
258 0.010348 0.0487496
259 0.0104269 0.048799
260 0.0103824 0.0486853
261 0.0110469 0.048606
262 0.0103695 0.0482825
263 0.0106573 0.048421
264 0.010165 0.0480653
265 0.0103474 0.047824
266 0.0107275 0.0481341
267 0.0110012 0.0480248
268 0.0109654 0.0479544
269 0.0100209 0.0477908
270 0.0103022 0.0476665
271 0.0101079 0.0476364
272 0.0102367 0.0475754
273 0.00967297 0.0471422
274 0.00998695 0.0474464
275 0.0107913 0.0473459
276 0.0105629 0.0472642
277 0.00992257 0.0471749
278 0.0104987 0.0469292
279 0.0102448 0.046984
280 0.0105299 0.0469066
281 0.0102399 0.0468526
282 0.0102896 0.0467592
283 0.010608 0.0465326
284 0.0102246 0.0465759
285 0.0100009 0.0464883
286 0.00968681 0.0464404
287 0.0102301 0.0463603
288 0.00986752 0.0459935
289 0.00994182 0.046193
290 0.00947048 0.0460312
291 0.0100534 0.0460275
292 0.00975912 0.0458064
293 0.00999775 0.0458618
294 0.00969336 0.0457375
295 0.00998072 0.0457064
296 0.00916923 0.045546
297 0.00975232 0.0451788
298 0.0103776 0.0454877
299 0.00952284 0.0453636
300 0.00991146 0.0452229
301 0.00923096 0.0452634
302 0.00918749 0.0451698
303 0.0104477 0.0450312
304 0.00953465 0.0448806
305 0.00958599 0.0449696
306 0.00988698 0.0448368
307 0.0101296 0.0448134
308 0.00985627 0.0447513
309 0.00938559 0.0446271
310 0.00918968 0.0444504
311 0.00954769 0.0445356
312 0.0096681 0.0444196
313 0.0096087 0.0443877
314 0.00950364 0.044319
315 0.00913841 0.0442252
316 0.00953208 0.0441679
317 0.00965772 0.0439274
318 0.00899425 0.0439723
319 0.00954962 0.0439114
320 0.00962394 0.0438631
321 0.0090328 0.0436813
322 0.00926251 0.0437001
323 0.00934381 0.0436838
324 0.00954794 0.0436332
325 0.00917179 0.0435312
326 0.00935996 0.0431367
327 0.00944 0.0433983
328 0.00894254 0.0433664
329 0.00966474 0.0431945
330 0.00966242 0.0431003
331 0.00959216 0.0431692
332 0.00934284 0.0431012
333 0.00933762 0.0430378
334 0.00968061 0.042696
335 0.00924058 0.0427912
336 0.00933636 0.0425423
337 0.00909588 0.0427153
338 0.00884067 0.0426594
339 0.00915068 0.0426256
340 0.00929891 0.0425935
341 0.00933268 0.04253
342 0.00955617 0.042178
343 0.00899752 0.0423857
344 0.00922126 0.0422878
345 0.00868472 0.0422842
346 0.00883268 0.0422169
347 0.00913079 0.0421412
348 0.0091944 0.0421011
349 0.00908682 0.0420329
350 0.00898169 0.0419127
351 0.0087957 0.0417576
352 0.00870233 0.04178
353 0.00884931 0.0415723
354 0.00882476 0.0415505
355 0.00954149 0.0416844
356 0.00872021 0.0416254
357 0.00905214 0.0415675
358 0.00910797 0.0415096
359 0.00903473 0.0414155
360 0.00905002 0.0412091
361 0.00881694 0.041142
362 0.00876254 0.0411888
363 0.00898136 0.0411085
364 0.00893207 0.0410908
365 0.008894 0.0409611
366 0.00835169 0.0410142
367 0.00875654 0.0409961
368 0.00915909 0.0409393
369 0.00907614 0.0408608
370 0.00897944 0.0408214
371 0.00881592 0.0407638
372 0.00897482 0.0406833
373 0.00859229 0.0406545
374 0.00851744 0.0406114
375 0.00859209 0.0405576
376 0.00875985 0.0404671
377 0.00870786 0.0404089
378 0.00883975 0.0403603
379 0.00894338 0.0403363
380 0.00877254 0.0402851
381 0.00863198 0.0401638
382 0.00899286 0.0401839
383 0.00859714 0.0400826
384 0.00847366 0.0397911
385 0.00875778 0.0400167
386 0.00912422 0.0399107
387 0.00855982 0.0398652
388 0.00877635 0.0398535
389 0.00810806 0.0397832
390 0.00864292 0.0397367
391 0.00871637 0.0396817
392 0.0085765 0.0395673
393 0.00854069 0.0394019
394 0.00809118 0.0394943
395 0.00861915 0.0390436
396 0.00832621 0.0394672
397 0.00793748 0.0393628
398 0.00834497 0.0391886
399 0.00853636 0.0391844
400 0.00829339 0.0392522
401 0.00839711 0.0392149
402 0.00835819 0.0390901
403 0.00825982 0.0390597
404 0.00874095 0.0390578
405 0.00804738 0.0390066
406 0.00839206 0.0388986
407 0.00861213 0.0388968
408 0.00843527 0.0388788
409 0.00829478 0.0385323
410 0.00843129 0.0387322
411 0.00831139 0.0385835
412 0.00850112 0.0386043
413 0.00828291 0.0384742
414 0.00877235 0.038593
415 0.00856781 0.0385482
416 0.00830383 0.038432
417 0.00844357 0.0384123
418 0.00850478 0.0383288
419 0.00827487 0.0383691
420 0.0084394 0.0383022
421 0.00836588 0.0382753
422 0.00866839 0.0382309
423 0.00885494 0.0381787
424 0.00805175 0.0381419
425 0.00827749 0.0380796
426 0.00782002 0.0379313
427 0.00833405 0.0379078
428 0.00832145 0.0378703
429 0.00841092 0.0373664
430 0.00807056 0.0376579
431 0.00823258 0.0378288
432 0.00806709 0.0377859
433 0.00817349 0.0375742
434 0.00795266 0.0375845
435 0.00872436 0.0375844
436 0.00784596 0.0375884
437 0.00834856 0.0375698
438 0.0082605 0.0375086
439 0.00785511 0.0374569
440 0.00810949 0.0373432
441 0.00800292 0.0373074
442 0.00798224 0.0373561
443 0.00812306 0.037313
444 0.00781259 0.0372189
445 0.00798708 0.0372201
446 0.00823506 0.0371523
447 0.00805047 0.0371472
448 0.00839106 0.0370118
449 0.0079179 0.0370541
450 0.00822224 0.0369417
451 0.00796661 0.036972
452 0.00776529 0.0366774
453 0.00785723 0.0366478
454 0.00814342 0.0366709
455 0.0074673 0.0368093
456 0.00777805 0.0367102
457 0.00802722 0.0367372
458 0.00825873 0.036598
459 0.00813462 0.0366397
460 0.00801917 0.036619
461 0.00796851 0.0365727
462 0.00788746 0.0365346
463 0.00772875 0.0364998
464 0.00803992 0.0364598
465 0.00788774 0.0364199
466 0.00775983 0.0362859
467 0.00835166 0.0362637
468 0.00828035 0.0363047
469 0.00789352 0.0362596
470 0.00791204 0.0362116
471 0.00758632 0.0361872
472 0.00752551 0.0361457
473 0.0079725 0.0361119
474 0.00778927 0.0359922
475 0.00787694 0.0360326
476 0.00797393 0.0358583
477 0.00791258 0.0359608
478 0.00745735 0.0358212
479 0.00797988 0.0358513
480 0.00802331 0.0358231
481 0.00793573 0.0358017
482 0.00798111 0.0357218
483 0.00763937 0.0357368
484 0.00754254 0.0355521
485 0.00758833 0.0356539
486 0.00778554 0.0355829
487 0.00743691 0.0355879
488 0.00787377 0.0355028
489 0.00745995 0.0354842
490 0.00759029 0.0354733
491 0.00781931 0.0352953
492 0.00764954 0.0353848
493 0.00776036 0.0353515
494 0.00754933 0.035295
495 0.00776464 0.0352317
496 0.00756425 0.0352628
497 0.00761867 0.0351425
498 0.00757407 0.0351764
499 0.00761773 0.0351434
500 0.00757727 0.0350428
501 0.00736767 0.0350805
502 0.00769692 0.035054
503 0.00749474 0.0349942
504 0.00738592 0.0349569
505 0.0074602 0.0349464
506 0.00760725 0.0347007
507 0.00750494 0.0348508
508 0.00777646 0.0348421
509 0.00758379 0.0348008
510 0.00742487 0.0347649
511 0.00754087 0.0347407
512 0.00749121 0.0346931
513 0.00743701 0.0346281
514 0.0077066 0.0346401
515 0.00734464 0.0346071
516 0.00746788 0.0345687
517 0.00735098 0.0345402
518 0.00732645 0.0344827
519 0.00731836 0.034452
520 0.00716677 0.034442
521 0.00753633 0.034322
522 0.00721575 0.0343454
523 0.00741662 0.0343415
524 0.00767304 0.0342102
525 0.00724135 0.0342745
526 0.00757634 0.0342093
527 0.00754017 0.0341281
528 0.00750814 0.0340818
529 0.00744234 0.0340729
530 0.00742335 0.0341133
531 0.00750511 0.0340698
532 0.00744193 0.0340453
533 0.00755694 0.0340193
534 0.00755306 0.0337723
535 0.0072355 0.0338354
536 0.00729359 0.0338474
537 0.0072566 0.0338853
538 0.00729864 0.0338609
539 0.00746178 0.033828
540 0.00732533 0.033723
541 0.00726435 0.0337364
542 0.00742723 0.0337245
543 0.00754458 0.0336084
544 0.00718458 0.0336728
545 0.00710315 0.0336178
546 0.00713189 0.0336099
547 0.00726511 0.0335785
548 0.00738634 0.0335396
549 0.0072646 0.0335155
550 0.00722506 0.0334893
551 0.00729013 0.0334061
552 0.00734905 0.0334268
553 0.00745446 0.0333526
554 0.00733007 0.0333675
555 0.00720875 0.0333356
556 0.00720724 0.0333049
557 0.00744383 0.033277
558 0.00733198 0.0332313
559 0.00738886 0.0332187
560 0.00732909 0.0331815
561 0.00726334 0.0331595
562 0.00717562 0.0331281
563 0.00717758 0.0329423
564 0.00724547 0.0330679
565 0.00722307 0.0330191
566 0.00676189 0.0329531
567 0.00720976 0.0329462
568 0.00707546 0.0329538
569 0.00717834 0.0328938
570 0.00721362 0.0328959
571 0.007119 0.0328618
572 0.00704867 0.0327939
573 0.00703334 0.03281
574 0.0070449 0.0327787
575 0.00711068 0.0327521
576 0.00712354 0.0326744
577 0.00715136 0.0326906
578 0.00731113 0.0326651
579 0.00707289 0.0324208
580 0.00671168 0.032549
581 0.00709738 0.0325664
582 0.00706981 0.0325527
583 0.00715896 0.0324623
584 0.00702331 0.0324998
585 0.0072978 0.0324718
586 0.00705277 0.0324415
587 0.00703797 0.0323452
588 0.00702328 0.0323705
589 0.0067969 0.0323606
590 0.00700641 0.0323297
591 0.00692649 0.0322436
592 0.00706551 0.0322574
593 0.00700573 0.0320924
594 0.00680337 0.0322224
595 0.00705402 0.0321545
596 0.00705957 0.0321492
597 0.00694319 0.0321279
598 0.00707726 0.0321128
599 0.00703203 0.0320475
600 0.00704569 0.0320573
601 0.00697744 0.0319887
602 0.00721558 0.0320041
603 0.00707935 0.0319564
604 0.00681814 0.0319399
605 0.00655899 0.0319236
606 0.00686606 0.0319039
607 0.00691039 0.0318627
608 0.00683203 0.0318133
609 0.0068256 0.0317847
610 0.00704643 0.031786
611 0.00679929 0.0317666
612 0.00674397 0.0317463
613 0.00651857 0.0317168
614 0.00677435 0.0316919
615 0.00701333 0.0316699
616 0.00676541 0.0315964
617 0.00675939 0.0316186
618 0.00656801 0.0315768
619 0.00692266 0.0315585
620 0.00690102 0.0315054
621 0.00679743 0.0314776
622 0.00657637 0.0314909
623 0.00676007 0.0314108
624 0.00702848 0.0314385
625 0.00666027 0.0313415
626 0.00694717 0.031383
627 0.00699149 0.0313223
628 0.0067075 0.031333
629 0.00690133 0.0313016
630 0.00696951 0.0312809
631 0.00684976 0.0312376
632 0.00689137 0.0312314
633 0.00676177 0.0312027
634 0.00676422 0.0311921
635 0.00679235 0.0311675
636 0.00665892 0.0310874
637 0.00672541 0.0311176
638 0.00655778 0.0310904
639 0.00691335 0.0310634
640 0.00657949 0.0310401
641 0.00668011 0.0310204
642 0.00669712 0.0309243
643 0.00669863 0.0309416
644 0.00675658 0.0309489
645 0.00676041 0.0309241
646 0.00675378 0.0309005
647 0.00682395 0.0308665
648 0.0066513 0.030852
649 0.00664927 0.0308266
650 0.00669374 0.0307913
651 0.00661065 0.030763
652 0.00672547 0.0307302
653 0.00652508 0.0307125
654 0.0065777 0.0307102
655 0.00664769 0.0306751
656 0.00667724 0.0306595
657 0.00671581 0.0306413
658 0.00677359 0.0306157
659 0.00670526 0.0305761
660 0.00643992 0.0305681
661 0.00672825 0.0305467
662 0.00666894 0.0305185
663 0.00652294 0.030487
664 0.00670769 0.0304781
665 0.00673907 0.0304506
666 0.00678604 0.030433
667 0.00636772 0.030405
668 0.00657361 0.0303388
669 0.00648072 0.0303625
670 0.00660665 0.0303414
671 0.00669369 0.0303124
672 0.00661625 0.0302952
673 0.00651501 0.0301878
674 0.00660694 0.0302224
675 0.0067327 0.03023
676 0.00644348 0.0301853
677 0.00663418 0.0301845
678 0.00672028 0.0301625
679 0.00655228 0.0301133
680 0.00636931 0.030081
681 0.00637114 0.0300692
682 0.00655391 0.0300712
683 0.00650932 0.0300508
684 0.00616927 0.0300149
685 0.00648228 0.0299993
686 0.00657504 0.0299712
687 0.00647952 0.029948
688 0.00641655 0.0298872
689 0.00619438 0.0298574
690 0.00630555 0.0298713
691 0.0066808 0.0298614
692 0.00647098 0.0298353
693 0.00650359 0.029834
694 0.00649354 0.0298132
695 0.00649114 0.0297807
696 0.00656377 0.0297644
697 0.00654716 0.0297483
698 0.00646107 0.0297199
699 0.00664206 0.0297065
700 0.00640928 0.0296775
701 0.00632965 0.0295588
702 0.00615587 0.0296399
703 0.00668607 0.0296132
704 0.00653185 0.0294858
705 0.00645327 0.0295691
706 0.00666129 0.0295445
707 0.00644798 0.0294726
708 0.00632602 0.0294492
709 0.00654988 0.0294807
710 0.00636676 0.0294638
711 0.0064037 0.0294498
712 0.00647323 0.02942
713 0.00647735 0.0293779
714 0.0065207 0.0293917
715 0.00637425 0.0293285
716 0.0065145 0.0293293
717 0.00644127 0.0293305
718 0.0062888 0.0293103
719 0.00635668 0.0292666
720 0.00650143 0.0292628
721 0.00635365 0.029245
722 0.00635186 0.0292294
723 0.00630274 0.0292086
724 0.00636598 0.029182
725 0.00641349 0.0291627
726 0.00615536 0.0291434
727 0.00624532 0.0290513
728 0.00623112 0.0290603
729 0.00663149 0.0290855
730 0.00652336 0.0290006
731 0.00611424 0.0290483
732 0.00607774 0.029029
733 0.00633014 0.0290061
734 0.00629702 0.0289895
735 0.00633703 0.0289666
736 0.00631055 0.0289463
737 0.00622387 0.0289303
738 0.006247 0.02891
739 0.00629165 0.0288659
740 0.00619859 0.0288651
741 0.00654619 0.0288502
742 0.00627466 0.0288277
743 0.00628468 0.0288059
744 0.00637087 0.0287674
745 0.00626115 0.0287716
746 0.00633625 0.0286959
747 0.00618405 0.028736
748 0.00619567 0.0286717
749 0.00628576 0.0286947
750 0.00635335 0.0286614
751 0.0063153 0.0286594
752 0.00630886 0.0286177
753 0.00618753 0.028579
754 0.00638084 0.028588
755 0.00627367 0.0285805
756 0.00612276 0.0285451
757 0.00624632 0.0285218
758 0.00617356 0.028517
759 0.00615435 0.0285079
760 0.00600612 0.0284885
761 0.00619775 0.0284439
762 0.00617884 0.0284401
763 0.00607238 0.0284304
764 0.00618434 0.0284147
765 0.00617324 0.0283907
766 0.00618225 0.0283772
767 0.0062524 0.0283359
768 0.00598787 0.0283398
769 0.00616768 0.028321
770 0.00618348 0.0283037
771 0.00616272 0.0282595
772 0.00604643 0.0282624
773 0.00626102 0.0282363
774 0.00632092 0.028217
775 0.00610626 0.0281898
776 0.00637833 0.0281671
777 0.00610239 0.028159
778 0.00608385 0.0281206
779 0.00624118 0.0281331
780 0.00618308 0.0281158
781 0.00608828 0.0281037
782 0.00599813 0.0280623
783 0.00606134 0.0280596
784 0.00612801 0.0280389
785 0.00614994 0.0279528
786 0.00604205 0.028012
787 0.00600175 0.0279883
788 0.00610209 0.0279696
789 0.00605125 0.0279591
790 0.00618086 0.0279257
791 0.00606957 0.0279253
792 0.00599814 0.0279078
793 0.00616838 0.0278786
794 0.00610865 0.02786
795 0.00612087 0.0278391
796 0.00615104 0.0278321
797 0.00604958 0.0277718
798 0.00602941 0.0277525
799 0.00591665 0.0277852
800 0.00598333 0.027726
801 0.00596765 0.0277211
802 0.00606194 0.0277291
803 0.00619062 0.0277161
804 0.00597472 0.0276985
805 0.00596496 0.0276555
806 0.00606645 0.027656
807 0.00606183 0.0276318
808 0.00602984 0.0276294
809 0.00598754 0.0275928
810 0.00604541 0.027594
811 0.00585223 0.0275156
812 0.00593576 0.0275617
813 0.00604064 0.0274909
814 0.00595789 0.0274879
815 0.00605944 0.0274914
816 0.00597564 0.0274677
817 0.00601918 0.0274667
818 0.00586663 0.0274578
819 0.00583919 0.0274366
820 0.00609861 0.0274266
821 0.00597413 0.0274047
822 0.00598809 0.027378
823 0.00600922 0.0273772
824 0.00599135 0.0273577
825 0.00604099 0.0272832
826 0.00606098 0.027321
827 0.00594258 0.0272774
828 0.00597983 0.0272925
829 0.00584655 0.0272693
830 0.00595489 0.0272482
831 0.00587816 0.0272428
832 0.00605021 0.027206
833 0.00587286 0.0272021
834 0.00586612 0.0271808
835 0.00582848 0.0271559
836 0.00605338 0.0271629
837 0.00587979 0.0271468
838 0.00593447 0.0271181
839 0.00589389 0.0271126
840 0.00581632 0.0270939
841 0.00588985 0.0270643
842 0.00594239 0.0270419
843 0.00590391 0.0270505
844 0.00578855 0.0270333
845 0.00576652 0.0269835
846 0.0060193 0.0269917
847 0.0059255 0.0269376
848 0.00581585 0.0269704
849 0.00572511 0.0269525
850 0.00589085 0.0269263
851 0.00559291 0.0269029
852 0.00606459 0.0269072
853 0.00584422 0.0268862
854 0.0057446 0.0268432
855 0.00598832 0.0268467
856 0.0059995 0.0268443
857 0.00591849 0.0268265
858 0.00597251 0.0268112
859 0.00584834 0.0267922
860 0.00581991 0.0267807
861 0.00582903 0.0267641
862 0.00576017 0.0267436
863 0.00567819 0.0266956
864 0.00576282 0.0267191
865 0.00565246 0.0266743
866 0.00592949 0.0266707
867 0.0058104 0.0266695
868 0.00562882 0.0266511
869 0.00587243 0.0266424
870 0.00605015 0.0266218
871 0.00578 0.0266108
872 0.00579668 0.0265963
873 0.00571813 0.0265767
874 0.00578028 0.0265487
875 0.00560691 0.0265463
876 0.00572446 0.0265278
877 0.00575102 0.0264999
878 0.00584449 0.0264695
879 0.0057483 0.0264833
880 0.00569262 0.0264702
881 0.00566984 0.0264198
882 0.00558738 0.0264433
883 0.00589393 0.02641
884 0.00584398 0.0264044
885 0.00577904 0.0264009
886 0.00566964 0.026386
887 0.00593602 0.026365
888 0.0057307 0.0263538
889 0.00570483 0.0263394
890 0.00574246 0.0262973
891 0.0057166 0.0263031
892 0.00571217 0.026296
893 0.00568188 0.0262804
894 0.00571461 0.0262676
895 0.00559536 0.0262443
896 0.00577678 0.0262255
897 0.00573005 0.0261707
898 0.0056938 0.026208
899 0.00569478 0.0261873
900 0.00568523 0.0261794
901 0.00572117 0.0261653
902 0.00594005 0.0261493
903 0.00561094 0.0261145
904 0.00559929 0.0261179
905 0.00564862 0.0261048
906 0.00568476 0.0260396
907 0.00567334 0.0260197
908 0.00556032 0.0260643
909 0.00579209 0.0260328
910 0.0055058 0.0260281
911 0.00560515 0.0259806
912 0.00579449 0.0259981
913 0.00557617 0.0259715
914 0.00564287 0.0259786
915 0.00557639 0.0259409
916 0.00569601 0.0259302
917 0.00559332 0.0259317
918 0.00564335 0.0259158
919 0.00565158 0.025906
920 0.00557411 0.0258908
921 0.00560893 0.0258785
922 0.00559403 0.0258437
923 0.00555142 0.0258473
924 0.00557969 0.0257998
925 0.00559183 0.0257984
926 0.00565611 0.0258059
927 0.00569916 0.0257904
928 0.00578475 0.025758
929 0.00575795 0.0257669
930 0.0057427 0.0257542
931 0.0054715 0.02574
932 0.00554137 0.0257244
933 0.00564662 0.0257116
934 0.00560602 0.0256942
935 0.00546922 0.0256845
936 0.00565228 0.0256405
937 0.00548796 0.0256255
938 0.0055276 0.0256421
939 0.00547389 0.025628
940 0.0055376 0.0256159
941 0.00535366 0.0255942
942 0.00551891 0.0255827
943 0.0057026 0.0255754
944 0.0055539 0.0255418
945 0.00551669 0.0255025
946 0.0056342 0.0255354
947 0.00560335 0.0255209
948 0.00545402 0.0254974
949 0.00546121 0.0254889
950 0.00548287 0.0254464
951 0.00550928 0.0254683
952 0.00545912 0.025454
953 0.00556195 0.0254328
954 0.00540744 0.0254214
955 0.00550048 0.025363
956 0.00532554 0.0253907
957 0.00536661 0.0253866
958 0.00543897 0.0253571
959 0.00546281 0.0253569
960 0.00551531 0.0253442
961 0.00545094 0.0252774
962 0.0054324 0.0252512
963 0.00558818 0.025309
964 0.00545474 0.0252894
965 0.00558311 0.0252828
966 0.0054556 0.0252696
967 0.00556039 0.0252469
968 0.00558473 0.0252262
969 0.00563694 0.0252284
970 0.00559308 0.0252168
971 0.00550495 0.0251372
972 0.0054064 0.0251912
973 0.00541419 0.0251563
974 0.00545572 0.0251594
975 0.00547147 0.0251525
976 0.0053966 0.0251189
977 0.00546938 0.0251189
978 0.00546839 0.0251109
979 0.0055368 0.0250945
980 0.00561415 0.0250853
981 0.00534723 0.0250599
982 0.00536965 0.0250443
983 0.00543256 0.0250435
984 0.00540983 0.0250368
985 0.00539297 0.0250072
986 0.00540353 0.0250113
987 0.00536197 0.0249985
988 0.00549347 0.0249438
989 0.00546437 0.0249506
990 0.00544244 0.0249061
991 0.00550985 0.0249489
992 0.00554148 0.02492
993 0.0054673 0.0249228
994 0.00541777 0.0249095
995 0.00535123 0.0248896
996 0.00533103 0.0248862
997 0.00559307 0.0248241
998 0.00542762 0.0248469
999 0.00540313 0.0248353
1000 0.00549999 0.024834
