inf inf inf nan
1 0.141593 1.14159 0.00594833
0.5 1.64159 0.00825932 1.72394e-05
0.333333 2.14159 0.259541 6.20794e-07
0.25 1.45042 2.40261e-05 1.07469e-07
0.2 1.08271 0.146665 2.81956e-08
0.166667 0.859611 8.72654e-07 9.44664e-09
0.142857 0.711191 0.10204 3.74693e-09
0.125 0.60579 1.51131e-07 1.68175e-09
0.111111 0.527257 0.0781892 8.29598e-10
0.1 0.466564 3.96506e-08 4.40895e-10
0.0909091 0.418294 0.0633609 2.48878e-10
0.0833333 0.379011 1.32844e-08 1.47658e-10
0.0769231 0.346431 0.0532544 9.1346e-11
0.0714286 0.318981 5.26914e-09 5.85572e-11
0.0666667 0.295543 0.0459259 3.87077e-11
0.0625 0.2753 2.36497e-09 2.62808e-11
0.0588235 0.257643 0.0403691 1.82672e-11
0.0555556 0.242107 1.16662e-09 1.29639e-11
0.0526316 0.228334 0.0360111 9.3725e-12
0.05 0.216039 6.20008e-10 6.8896e-12
0.047619 0.204997 0.0325019 5.14078e-12
0.0454545 0.195027 3.49984e-10 3.88978e-12
0.0434783 0.18598 0.0296156 2.97806e-12
0.0416667 0.177733 2.07645e-10 2.30616e-12
0.04 0.170186 0.0272 1.80655e-12
0.0384615 0.163252 1.28455e-10 1.42686e-12
0.037037 0.156861 0.0251486 1.13864e-12
0.0357143 0.15095 8.23466e-11 9.14824e-13
0.0344828 0.145468 0.0233849 7.41185e-13
0.0333333 0.14037 5.44329e-11 6.05294e-13
0.0322581 0.135617 0.0218522 4.9738e-13
0.03125 0.131174 3.69571e-11 4.10783e-13
0.030303 0.127014 0.0205081 3.41061e-13
0.0294118 0.123109 2.56879e-11 2.85105e-13
0.0285714 0.119436 0.0193197 2.39808e-13
0.0277778 0.115976 1.82299e-11 2.01617e-13
0.027027 0.112711 0.0182615 1.71863e-13
0.0263158 0.109625 1.31797e-11 1.46105e-13
0.025641 0.106703 0.0173132 1.25677e-13
0.025 0.103932 9.68736e-12 1.08358e-13
0.0243902 0.101302 0.0164585 9.28146e-14
0.0238095 0.0988014 7.22933e-12 8.12683e-14
0.0232558 0.0964212 0.0156842 6.9722e-14
0.0227273 0.094153 5.4694e-12 6.12843e-14
0.0222222 0.091989 0.0149794 5.37348e-14
0.0217391 0.0899222 4.18776e-12 4.75175e-14
0.0212766 0.0879461 0.0143353 4.13003e-14
0.0208333 0.086055 3.24363e-12 3.59712e-14
0.0204082 0.0842435 0.0137443 3.06422e-14
0.02 0.0825066 2.53975e-12 2.84217e-14
0.0196078 0.0808399 0.0132001 2.4869e-14
0.0192308 0.0792392 2.00684e-12 2.22045e-14
0.0188679 0.0777006 0.0126973 1.82077e-14
0.0185185 0.0762206 1.60005e-12 1.68754e-14
0.0181818 0.0747959 0.0122314 1.59872e-14
0.0178571 0.0734234 1.28697e-12 1.19904e-14
0.0175439 0.0721004 0.0117985 1.37668e-14
0.0172414 0.0708243 1.04228e-12 1.19904e-14
0.0169492 0.0695925 0.0113952 1.15463e-14
0.0166667 0.0684028 8.51763e-13 9.76996e-15
0.0163934 0.067253 0.0110185 8.88178e-15
0.016129 0.0661413 6.98108e-13 7.10543e-15
0.015873 0.0650658 0.010666 6.21725e-15
0.015625 0.0640246 5.78204e-13 7.10543e-15
0.0153846 0.0630162 0.0103353 4.88498e-15
0.0151515 0.0620391 4.8006e-13 5.32907e-15
0.0149254 0.0610918 0.0100245 4.88498e-15
0.0147059 0.060173 4.01457e-13 4.44089e-15
0.0144928 0.0592815 0.00973185 5.32907e-15
0.0142857 0.0584159 3.37064e-13 4.88498e-15
0.0140845 0.0575753 0.0094558 4.44089e-15
0.0138889 0.0567585 2.84661e-13 2.22045e-15
0.0136986 0.0559646 0.00919497 2.22045e-15
0.0135135 0.0551925 2.41585e-13 2.22045e-15
0.0133333 0.0544415 0.00894815 2.22045e-15
0.0131579 0.0537106 2.06946e-13 2.22045e-15
0.012987 0.0529991 0.00871423 2.66454e-15
0.0128205 0.0523062 1.75415e-13 1.33227e-15
0.0126582 0.0516311 0.00849223 3.55271e-15
0.0125 0.0509733 1.5099e-13 2.22045e-15
0.0123457 0.050332 0.00828126 1.33227e-15
0.0121951 0.0497067 1.2923e-13 1.77636e-15
0.0120482 0.0490967 0.00808051 1.77636e-15
0.0119048 0.0485014 1.12355e-13 2.22045e-15
0.0117647 0.0479205 0.00788927 1.33227e-15
0.0116279 0.0473533 9.76996e-14 1.33227e-15
0.0114943 0.0467993 0.00770687 1.77636e-15
0.0113636 0.0462582 8.43769e-14 8.88178e-16
0.011236 0.0457294 0.00753272 1.77636e-15
0.0111111 0.0452126 7.50511e-14 1.33227e-15
0.010989 0.0447074 0.00736626 1.33227e-15
0.0108696 0.0442133 6.57252e-14 4.44089e-16
0.0107527 0.04373 0.007207 1.77636e-15
0.0106383 0.0432571 5.72875e-14 1.33227e-15
0.0105263 0.0427944 0.00705448 1.77636e-15
0.0104167 0.0423414 5.06262e-14 2.66454e-15
0.0103093 0.041898 0.00690828 1.77636e-15
0.0102041 0.0414637 4.44089e-14 4.44089e-16
0.010101 0.0410384 0.00676802 1.77636e-15
0.01 0.0406217 3.86358e-14 8.88178e-16
0.00990099 0.0402133 0.00663334 0
0.00980392 0.0398131 3.41949e-14 8.88178e-16
0.00970874 0.0394208 0.00650391 0
0.00961538 0.0390361 3.01981e-14 1.33227e-15
0.00952381 0.0386589 0.00637944 4.44089e-16
0.00943396 0.0382889 2.93099e-14 4.44089e-16
0.00934579 0.0379259 0.00625964 1.33227e-15
0.00925926 0.0375697 2.4869e-14 8.88178e-16
0.00917431 0.0372201 0.00614426 8.88178e-16
0.00909091 0.036877 2.22045e-14 1.33227e-15
0.00900901 0.0365402 0.00603306 2.22045e-15
0.00892857 0.0362094 2.04281e-14 1.33227e-15
0.00884956 0.0358846 0.00592581 1.77636e-15
0.00877193 0.0355656 1.86517e-14 4.44089e-16
0.00869565 0.0352522 0.00582231 8.88178e-16
0.00862069 0.0349442 1.64313e-14 4.44089e-16
0.00854701 0.0346416 0.00572236 4.44089e-16
0.00847458 0.0343442 1.5099e-14 1.33227e-15
0.00840336 0.0340519 0.00562578 2.22045e-15
0.00833333 0.0337645 1.28786e-14 8.88178e-16
0.00826446 0.0334819 0.00553241 1.77636e-15
0.00819672 0.033204 1.11022e-14 1.33227e-15
0.00813008 0.0329306 0.00544209 0
0.00806452 0.0326617 1.15463e-14 4.44089e-16
0.008 0.0323972 0.00535467 2.22045e-15
0.00793651 0.032137 8.43769e-15 1.33227e-15
0.00787402 0.0318808 0.00527001 1.77636e-15
0.0078125 0.0316288 9.76996e-15 0
0.00775194 0.0313807 0.00518799 1.33227e-15
0.00769231 0.0311364 9.32587e-15 2.22045e-15
0.00763359 0.0308959 0.00510848 4.44089e-16
0.00757576 0.0306591 7.10543e-15 0
0.0075188 0.0304259 0.00503138 1.77636e-15
0.00746269 0.0301963 6.21725e-15 4.44089e-16
0.00740741 0.02997 0.00495656 1.33227e-15
0.00735294 0.0297472 6.21725e-15 1.77636e-15
0.00729927 0.0295276 0.00488394 1.33227e-15
0.00724638 0.0293112 7.54952e-15 4.44089e-16
0.00719424 0.029098 0.00481342 8.88178e-16
0.00714286 0.0288879 7.10543e-15 8.88178e-16
0.0070922 0.0286808 0.0047449 0
0.00704225 0.0284766 5.32907e-15 8.88178e-16
0.00699301 0.0282753 0.00467831 2.22045e-15
0.00694444 0.0280768 5.77316e-15 1.77636e-15
0.00689655 0.0278811 0.00461356 1.77636e-15
0.00684932 0.0276882 4.44089e-15 8.88178e-16
0.00680272 0.0274978 0.00455057 8.88178e-16
0.00675676 0.0273101 4.44089e-15 4.44089e-16
0.00671141 0.0271249 0.00448929 8.88178e-16
0.00666667 0.0269422 4.88498e-15 1.33227e-15
0.00662252 0.026762 0.00442963 1.77636e-15
0.00657895 0.0265841 2.66454e-15 8.88178e-16
0.00653595 0.0264086 0.00437154 0
0.00649351 0.0262354 2.66454e-15 1.77636e-15
0.00645161 0.0260645 0.00431495 1.33227e-15
0.00641026 0.0258957 3.55271e-15 1.77636e-15
0.00636943 0.0257292 0.00425981 0
0.00632911 0.0255647 3.9968e-15 0
0.00628931 0.0254024 0.00420606 4.44089e-16
0.00625 0.0252421 2.66454e-15 4.44089e-16
0.00621118 0.0250838 0.00415365 8.88178e-16
0.00617284 0.0249275 3.55271e-15 4.44089e-16
0.00613497 0.0247731 0.00410253 1.33227e-15
0.00609756 0.0246207 8.88178e-16 0
0.00606061 0.02447 0.00405265 8.88178e-16
0.0060241 0.0243213 8.88178e-16 8.88178e-16
0.00598802 0.0241743 0.00400397 8.88178e-16
0.00595238 0.0240291 1.77636e-15 2.22045e-15
0.00591716 0.0238856 0.00395644 2.22045e-15
0.00588235 0.0237438 3.10862e-15 1.33227e-15
0.00584795 0.0236037 0.00391003 2.66454e-15
0.00581395 0.0234652 8.88178e-16 4.44089e-16
0.00578035 0.0233284 0.0038647 8.88178e-16
0.00574713 0.0231931 3.10862e-15 4.44089e-16
0.00571429 0.0230594 0.00382041 4.44089e-16
0.00568182 0.0229273 2.66454e-15 8.88178e-16
0.00564972 0.0227966 0.00377712 4.44089e-16
0.00561798 0.0226674 8.88178e-16 8.88178e-16
0.00558659 0.0225397 0.0037348 2.22045e-15
0.00555556 0.0224134 1.33227e-15 0
0.00552486 0.0222885 0.00369342 1.33227e-15
0.00549451 0.022165 1.77636e-15 4.44089e-16
0.00546448 0.0220429 0.00365294 1.77636e-15
0.00543478 0.0219221 8.88178e-16 4.44089e-16
0.00540541 0.0218026 0.00361334 2.22045e-15
0.00537634 0.0216844 1.33227e-15 1.77636e-15
0.00534759 0.0215675 0.00357459 4.44089e-16
0.00531915 0.0214518 1.33227e-15 0
0.00529101 0.0213374 0.00353667 4.44089e-16
0.00526316 0.0212242 4.44089e-16 1.33227e-15
0.0052356 0.0211122 0.00349954 4.44089e-16
0.00520833 0.0210013 4.44089e-16 1.33227e-15
0.00518135 0.0208916 0.00346318 0
0.00515464 0.0207831 0 4.44089e-16
0.00512821 0.0206757 0.00342757 0
0.00510204 0.0205694 8.88178e-16 4.44089e-16
0.00507614 0.0204641 0.00339268 4.44089e-16
0.00505051 0.02036 3.10862e-15 4.44089e-16
0.00502513 0.0202569 0.0033585 3.55271e-15
0.005 0.0201548 1.77636e-15 0
0.00497512 0.0200537 0.003325 0
0.0049505 0.0199537 4.44089e-16 1.77636e-15
0.00492611 0.0198547 0.00329216 4.44089e-16
0.00490196 0.0197566 0 0
0.00487805 0.0196595 0.00325996 8.88178e-16
0.00485437 0.0195634 1.77636e-15 4.44089e-16
0.00483092 0.0194682 0.00322839 8.88178e-16
0.00480769 0.0193739 1.77636e-15 1.33227e-15
0.00478469 0.0192805 0.00319742 4.44089e-16
0.0047619 0.019188 2.22045e-15 2.22045e-15
0.00473934 0.0190964 0.00316704 0
0.00471698 0.0190057 4.44089e-16 1.77636e-15
0.00469484 0.0189158 0.00313724 0
0.0046729 0.0188268 0 4.44089e-16
0.00465116 0.0187386 0.00310799 0
0.00462963 0.0186512 8.88178e-16 0
0.00460829 0.0185646 0.00307928 1.33227e-15
0.00458716 0.0184789 0 8.88178e-16
0.00456621 0.0183939 0.00305109 4.44089e-16
0.00454545 0.0183097 8.88178e-16 2.66454e-15
0.00452489 0.0182263 0.00302342 8.88178e-16
0.0045045 0.0181436 1.33227e-15 1.77636e-15
0.0044843 0.0180617 0.00299624 2.22045e-15
0.00446429 0.0179805 1.33227e-15 4.44089e-16
0.00444444 0.0179 0.00296955 1.33227e-15
0.00442478 0.0178203 4.44089e-16 0
0.00440529 0.0177412 0.00294333 1.33227e-15
0.00438596 0.0176629 2.22045e-15 1.77636e-15
0.00436681 0.0175853 0.00291756 2.22045e-15
0.00434783 0.0175083 1.77636e-15 4.44089e-16
0.004329 0.017432 0.00289225 4.44089e-16
0.00431034 0.0173564 8.88178e-16 0
0.00429185 0.0172814 0.00286737 1.33227e-15
0.0042735 0.017207 1.33227e-15 1.33227e-15
0.00425532 0.0171333 0.00284292 8.88178e-16
0.00423729 0.0170603 1.33227e-15 2.66454e-15
0.00421941 0.0169878 0.00281887 1.33227e-15
0.00420168 0.016916 8.88178e-16 1.77636e-15
0.0041841 0.0168447 0.00279524 4.44089e-16
0.00416667 0.0167741 4.44089e-16 0
0.00414938 0.016704 0.00277199 4.44089e-16
0.00413223 0.0166346 1.33227e-15 8.88178e-16
0.00411523 0.0165657 0.00274913 4.44089e-16
0.00409836 0.0164974 3.10862e-15 1.33227e-15
0.00408163 0.0164296 0.00272664 4.44089e-16
0.00406504 0.0163624 2.66454e-15 4.44089e-16
0.00404858 0.0162957 0.00270452 4.44089e-16
0.00403226 0.0162296 1.77636e-15 2.66454e-15
0.00401606 0.016164 0.00268275 0
0.004 0.016099 1.77636e-15 1.77636e-15
0.00398406 0.0160345 0.00266133 8.88178e-16
0.00396825 0.0159704 4.44089e-16 1.33227e-15
0.00395257 0.0159069 0.00264025 8.88178e-16
0.00393701 0.0158439 4.44089e-16 0
0.00392157 0.0157814 0.00261951 3.10862e-15
0.00390625 0.0157194 4.44089e-16 2.66454e-15
0.00389105 0.0156579 0.00259908 8.88178e-16
0.00387597 0.0155968 8.88178e-16 8.88178e-16
0.003861 0.0155362 0.00257897 0
0.00384615 0.0154761 8.88178e-16 1.33227e-15
0.00383142 0.0154165 0.00255917 1.33227e-15
0.00381679 0.0153573 8.88178e-16 2.22045e-15
0.00380228 0.0152986 0.00253967 0
0.00378788 0.0152403 2.66454e-15 2.66454e-15
0.00377358 0.0151824 0.00252047 4.44089e-16
0.0037594 0.015125 4.44089e-16 1.33227e-15
0.00374532 0.015068 0.00250155 1.77636e-15
0.00373134 0.0150115 4.44089e-16 4.44089e-16
0.00371747 0.0149554 0.00248292 0
0.0037037 0.0148997 1.77636e-15 4.44089e-16
0.00369004 0.0148444 0.00246456 4.44089e-16
0.00367647 0.0147895 0 8.88178e-16
0.003663 0.014735 0.00244647 1.77636e-15
0.00364964 0.0146809 1.33227e-15 4.44089e-16
0.00363636 0.0146272 0.00242865 3.10862e-15
0.00362319 0.0145739 1.33227e-15 4.44089e-16
0.00361011 0.014521 0.00241108 4.44089e-16
0.00359712 0.0144685 3.9968e-15 3.55271e-15
0.00358423 0.0144164 0.00239377 1.77636e-15
0.00357143 0.0143646 2.66454e-15 4.44089e-16
0.00355872 0.0143132 0.0023767 0
0.0035461 0.0142622 3.10862e-15 4.44089e-16
0.00353357 0.0142115 0.00235987 8.88178e-16
0.00352113 0.0141612 8.88178e-16 8.88178e-16
0.00350877 0.0141112 0.00234329 4.44089e-16
0.0034965 0.0140616 0 8.88178e-16
0.00348432 0.0140124 0.00232693 8.88178e-16
0.00347222 0.0139634 8.88178e-16 1.33227e-15
0.00346021 0.0139149 0.0023108 8.88178e-16
0.00344828 0.0138666 4.44089e-16 1.77636e-15
0.00343643 0.0138187 0.00229489 1.77636e-15
0.00342466 0.0137712 8.88178e-16 1.33227e-15
0.00341297 0.0137239 0.0022792 4.44089e-16
0.00340136 0.013677 3.10862e-15 1.77636e-15
0.00338983 0.0136304 0.00226372 1.77636e-15
0.00337838 0.0135841 2.22045e-15 1.33227e-15
0.003367 0.0135381 0.00224845 0
0.0033557 0.0134924 1.77636e-15 1.77636e-15
0.00334448 0.0134471 0.00223338 8.88178e-16
0.00333333 0.013402 8.88178e-16 8.88178e-16
0.00332226 0.0133573 0.00221852 1.33227e-15
0.00331126 0.0133128 1.33227e-15 8.88178e-16
0.00330033 0.0132687 0.00220385 1.77636e-15
0.00328947 0.0132248 4.44089e-16 4.44089e-16
0.00327869 0.0131812 0.00218938 2.66454e-15
0.00326797 0.0131379 8.88178e-16 0
0.00325733 0.0130949 0.00217509 4.44089e-16
0.00324675 0.0130522 4.88498e-15 8.88178e-16
0.00323625 0.0130097 0.00216099 0
0.00322581 0.0129676 4.44089e-16 8.88178e-16
0.00321543 0.0129257 0.00214707 4.44089e-15
0.00320513 0.012884 1.77636e-15 1.77636e-15
0.00319489 0.0128427 0.00213333 8.88178e-16
0.00318471 0.0128016 1.33227e-15 4.44089e-16
0.0031746 0.0127607 0.00211976 1.77636e-15
0.00316456 0.0127201 8.88178e-16 1.77636e-15
0.00315457 0.0126798 0.00210637 2.66454e-15
0.00314465 0.0126398 4.44089e-15 1.77636e-15
0.0031348 0.0125999 0.00209314 4.44089e-16
0.003125 0.0125604 8.88178e-16 1.77636e-15
0.00311526 0.0125211 0.00208008 4.44089e-16
0.00310559 0.012482 2.22045e-15 1.33227e-15
0.00309598 0.0124432 0.00206718 1.33227e-15
0.00308642 0.0124046 0 0
0.00307692 0.0123662 0.00205444 1.33227e-15
0.00306748 0.0123281 4.44089e-16 0
0.0030581 0.0122902 0.00204185 1.33227e-15
0.00304878 0.0122526 1.33227e-15 1.33227e-15
0.00303951 0.0122152 0.00202942 4.44089e-16
0.0030303 0.012178 1.33227e-15 2.22045e-15
0.00302115 0.012141 0.00201714 8.88178e-16
0.00301205 0.0121043 2.66454e-15 2.66454e-15
0.003003 0.0120678 0.00200501 1.33227e-15
0.00299401 0.0120315 1.77636e-15 4.44089e-16
0.00298507 0.0119954 0.00199302 8.88178e-16
0.00297619 0.0119595 4.44089e-16 4.88498e-15
0.00296736 0.0119239 0.00198117 4.44089e-16
0.00295858 0.0118884 4.44089e-16 8.88178e-16
0.00294985 0.0118532 0.00196947 4.44089e-16
0.00294118 0.0118182 1.33227e-15 2.22045e-15
0.00293255 0.0117834 0.0019579 4.44089e-16
0.00292398 0.0117488 1.33227e-15 1.77636e-15
0.00291545 0.0117143 0.00194647 8.88178e-16
0.00290698 0.0116801 4.44089e-16 4.44089e-16
0.00289855 0.0116461 0.00193517 2.22045e-15
0.00289017 0.0116123 8.88178e-16 2.22045e-15
0.00288184 0.0115787 0.001924 1.77636e-15
0.00287356 0.0115453 8.88178e-16 4.44089e-16
0.00286533 0.0115121 0.00191296 0
0.00285714 0.011479 2.22045e-15 8.88178e-16
0.002849 0.0114462 0.00190204 2.22045e-15
0.00284091 0.0114135 0 3.10862e-15
0.00283286 0.011381 0.00189125 4.44089e-16
0.00282486 0.0113488 4.44089e-16 8.88178e-16
0.0028169 0.0113166 0.00188058 4.44089e-16
0.00280899 0.0112847 4.44089e-16 1.33227e-15
0.00280112 0.011253 0.00187003 1.33227e-15
0.0027933 0.0112214 2.66454e-15 4.44089e-16
0.00278552 0.01119 0.0018596 1.33227e-15
0.00277778 0.0111588 3.55271e-15 1.77636e-15
0.00277008 0.0111278 0.00184928 8.88178e-16
0.00276243 0.0110969 8.88178e-16 4.44089e-16
0.00275482 0.0110662 0.00183908 4.44089e-16
0.00274725 0.0110357 1.77636e-15 2.22045e-15
0.00273973 0.0110053 0.00182899 4.44089e-16
0.00273224 0.0109751 2.22045e-15 2.66454e-15
0.0027248 0.0109451 0.00181901 1.33227e-15
0.00271739 0.0109152 4.44089e-16 8.88178e-16
0.00271003 0.0108855 0.00180913 8.88178e-16
0.0027027 0.010856 1.77636e-15 1.33227e-15
0.00269542 0.0108266 0.00179937 8.88178e-16
0.00268817 0.0107973 0 3.55271e-15
0.00268097 0.0107683 0.00178971 4.44089e-16
0.0026738 0.0107394 1.33227e-15 3.55271e-15
0.00266667 0.0107106 0.00178015 4.44089e-16
0.00265957 0.010682 2.22045e-15 1.77636e-15
0.00265252 0.0106536 0.00177069 2.22045e-15
0.0026455 0.0106253 0 3.9968e-15
0.00263852 0.0105971 0.00176134 2.22045e-15
0.00263158 0.0105691 1.33227e-15 3.10862e-15
0.00262467 0.0105413 0.00175208 2.22045e-15
0.0026178 0.0105136 0 2.66454e-15
0.00261097 0.010486 0.00174292 8.88178e-16
0.00260417 0.0104586 8.88178e-16 1.33227e-15
0.0025974 0.0104313 0.00173385 4.44089e-16
0.00259067 0.0104042 8.88178e-16 0
0.00258398 0.0103772 0.00172488 2.22045e-15
0.00257732 0.0103503 4.44089e-16 4.44089e-16
0.00257069 0.0103236 0.001716 0
0.0025641 0.010297 1.77636e-15 8.88178e-16
0.00255754 0.0102706 0.00170721 8.88178e-16
0.00255102 0.0102443 4.44089e-16 2.66454e-15
0.00254453 0.0102181 0.00169851 2.22045e-15
0.00253807 0.0101921 0 8.88178e-16
0.00253165 0.0101662 0.0016899 3.9968e-15
0.00252525 0.0101404 0 4.44089e-15
0.00251889 0.0101148 0.00168138 3.10862e-15
0.00251256 0.0100893 2.22045e-15 2.22045e-15
0.00250627 0.0100639 0.00167294 1.33227e-15
0.0025 0.0100386 2.66454e-15 1.33227e-15
0.00249377 0.0100135 0.00166458 4.44089e-16
0.00248756 0.00998848 8.88178e-16 3.55271e-15
0.00248139 0.0099636 0.00165631 8.88178e-16
0.00247525 0.00993885 4.88498e-15 8.88178e-16
0.00246914 0.00991421 0.00164812 8.88178e-16
0.00246305 0.0098897 1.33227e-15 4.44089e-16
0.002457 0.00986531 0.00164001 0
0.00245098 0.00984104 2.22045e-15 3.9968e-15
0.00244499 0.00981689 0.00163198 0
0.00243902 0.00979285 3.55271e-15 1.77636e-15
0.00243309 0.00976894 0.00162403 3.55271e-15
0.00242718 0.00974514 1.77636e-15 4.44089e-16
0.00242131 0.00972145 0.00161616 2.22045e-15
0.00241546 0.00969789 0 3.10862e-15
0.00240964 0.00967443 0.00160836 2.22045e-15
0.00240385 0.00965109 3.55271e-15 1.33227e-15
0.00239808 0.00962786 0.00160064 2.66454e-15
0.00239234 0.00960474 4.44089e-16 3.9968e-15
0.00238663 0.00958173 0.00159299 2.22045e-15
0.00238095 0.00955884 1.77636e-15 4.44089e-16
0.0023753 0.00953605 0.00158541 4.44089e-16
0.00236967 0.00951337 8.88178e-16 3.55271e-15
0.00236407 0.0094908 0.00157791 8.88178e-16
0.00235849 0.00946833 4.44089e-16 4.44089e-16
0.00235294 0.00944597 0.00157047 8.88178e-16
0.00234742 0.00942372 3.10862e-15 4.44089e-15
0.00234192 0.00940157 0.00156311 3.9968e-15
0.00233645 0.00937952 0 3.10862e-15
0.002331 0.00935758 0.00155581 1.77636e-15
0.00232558 0.00933574 1.33227e-15 1.33227e-15
0.00232019 0.009314 0.00154858 0
0.00231481 0.00929236 4.44089e-16 3.9968e-15
0.00230947 0.00927083 0.00154142 4.44089e-15
0.00230415 0.00924939 2.66454e-15 8.88178e-16
0.00229885 0.00922805 0.00153433 0
0.00229358 0.00920681 4.44089e-16 4.44089e-16
0.00228833 0.00918567 0.0015273 4.44089e-16
0.00228311 0.00916462 0 3.10862e-15
0.0022779 0.00914367 0.00152033 1.33227e-15
0.00227273 0.00912282 8.88178e-16 2.22045e-15
0.00226757 0.00910206 0.00151343 1.33227e-15
0.00226244 0.0090814 1.33227e-15 1.33227e-15
0.00225734 0.00906083 0.00150659 4.44089e-16
0.00225225 0.00904035 1.77636e-15 2.66454e-15
0.00224719 0.00901996 0.00149981 2.66454e-15
0.00224215 0.00899967 2.66454e-15 8.88178e-16
0.00223714 0.00897946 0.00149309 4.44089e-15
0.00223214 0.00895935 2.22045e-15 1.33227e-15
0.00222717 0.00893933 0.00148643 0
0.00222222 0.0089194 4.44089e-16 1.77636e-15
0.00221729 0.00889955 0.00147984 2.66454e-15
0.00221239 0.0088798 4.44089e-16 1.33227e-15
0.00220751 0.00886013 0.00147329 3.9968e-15
0.00220264 0.00884054 6.21725e-15 4.44089e-16
0.0021978 0.00882105 0.00146681 4.44089e-16
0.00219298 0.00880164 1.77636e-15 3.55271e-15
0.00218818 0.00878231 0.00146039 3.55271e-15
0.00218341 0.00876307 4.44089e-16 0
0.00217865 0.00874392 0.00145401 0
0.00217391 0.00872485 2.22045e-15 4.44089e-16
0.0021692 0.00870586 0.0014477 2.66454e-15
0.0021645 0.00868695 1.77636e-15 1.33227e-15
0.00215983 0.00866813 0.00144144 4.44089e-15
0.00215517 0.00864938 1.77636e-15 1.77636e-15
0.00215054 0.00863072 0.00143523 3.55271e-15
0.00214592 0.00861214 2.22045e-15 1.33227e-15
0.00214133 0.00859364 0.00142908 3.55271e-15
0.00213675 0.00857521 0 3.10862e-15
0.0021322 0.00855687 0.00142298 4.44089e-16
0.00212766 0.0085386 1.77636e-15 4.44089e-16
0.00212314 0.00852041 0.00141693 0
0.00211864 0.0085023 3.55271e-15 4.44089e-16
0.00211416 0.00848427 0.00141093 6.66134e-15
0.0021097 0.00846631 1.33227e-15 1.77636e-15
0.00210526 0.00844843 0.00140499 1.33227e-15
0.00210084 0.00843062 1.33227e-15 4.88498e-15
0.00209644 0.00841289 0.00139909 1.33227e-15
0.00209205 0.00839524 1.77636e-15 2.66454e-15
0.00208768 0.00837765 0.00139324 1.33227e-15
0.00208333 0.00836014 3.55271e-15 2.22045e-15
0.002079 0.00834271 0.00138744 0
0.00207469 0.00832534 4.44089e-16 8.88178e-16
0.00207039 0.00830805 0.00138169 1.33227e-15
0.00206612 0.00829083 1.33227e-15 2.66454e-15
0.00206186 0.00827368 0.00137599 3.9968e-15
0.00205761 0.0082566 1.33227e-15 1.33227e-15
0.00205339 0.0082396 0.00137033 8.88178e-16
0.00204918 0.00822266 2.66454e-15 4.44089e-16
0.00204499 0.00820579 0.00136472 4.44089e-16
0.00204082 0.00818899 8.88178e-16 3.9968e-15
0.00203666 0.00817226 0.00135916 8.88178e-16
0.00203252 0.0081556 1.77636e-15 2.22045e-15
0.0020284 0.008139 0.00135364 3.10862e-15
0.00202429 0.00812248 8.88178e-16 1.77636e-15
0.0020202 0.00810602 0.00134816 3.10862e-15
0.00201613 0.00808962 8.88178e-16 1.77636e-15
0.00201207 0.0080733 0.00134273 8.88178e-16
0.00200803 0.00805703 8.88178e-16 4.44089e-16
0.00200401 0.00804084 0.00133734 0
0.002 0.00802471 0 4.44089e-16
0.00199601 0.00800864 0.001332 4.44089e-15
0.00199203 0.00799264 1.33227e-15 3.55271e-15
0.00198807 0.0079767 0.0013267 1.33227e-15
0.00198413 0.00796082 3.10862e-15 3.10862e-15
0.0019802 0.00794501 0.00132144 2.22045e-15
0.00197628 0.00792926 8.88178e-16 3.10862e-15
0.00197239 0.00791357 0.00131622 1.77636e-15
0.0019685 0.00789795 2.22045e-15 3.10862e-15
0.00196464 0.00788239 0.00131104 1.33227e-15
0.00196078 0.00786688 3.9968e-15 1.33227e-15
0.00195695 0.00785144 0.00130591 0
0.00195312 0.00783606 4.44089e-16 0
0.00194932 0.00782074 0.00130081 8.88178e-16
0.00194553 0.00780548 4.44089e-16 3.9968e-15
0.00194175 0.00779028 0.00129576 8.88178e-16
0.00193798 0.00777514 4.44089e-16 6.21725e-15
0.00193424 0.00776005 0.00129074 1.33227e-15
0.0019305 0.00774503 4.88498e-15 0
0.00192678 0.00773006 0.00128576 1.77636e-15
0.00192308 0.00771515 8.88178e-16 2.66454e-15
0.00191939 0.0077003 0.00128082 1.77636e-15
0.00191571 0.0076855 1.77636e-15 2.66454e-15
0.00191205 0.00767076 0.00127592 1.33227e-15
0.0019084 0.00765608 1.77636e-15 1.33227e-15
0.00190476 0.00764146 0.00127105 3.9968e-15
0.00190114 0.00762689 3.9968e-15 4.44089e-15
0.00189753 0.00761237 0.00126622 1.33227e-15
0.00189394 0.00759791 4.44089e-16 8.88178e-16
0.00189036 0.00758351 0.00126143 4.44089e-16
0.00188679 0.00756916 0 2.22045e-15
0.00188324 0.00755486 0.00125667 2.66454e-15
0.0018797 0.00754062 2.22045e-15 8.88178e-16
0.00187617 0.00752643 0.00125196 1.33227e-15
0.00187266 0.0075123 2.22045e-15 0
0.00186916 0.00749821 0.00124727 3.9968e-15
0.00186567 0.00748418 2.66454e-15 0
0.0018622 0.00747021 0.00124262 2.22045e-15
0.00185874 0.00745628 2.66454e-15 8.88178e-16
0.00185529 0.00744241 0.00123801 1.33227e-15
0.00185185 0.00742859 1.33227e-15 3.55271e-15
0.00184843 0.00741482 0.00123342 8.88178e-16
0.00184502 0.0074011 4.44089e-16 1.77636e-15
0.00184162 0.00738743 0.00122888 2.22045e-15
0.00183824 0.00737381 3.10862e-15 8.88178e-16
0.00183486 0.00736024 0.00122436 5.32907e-15
0.0018315 0.00734672 0 2.22045e-15
0.00182815 0.00733325 0.00121988 1.77636e-15
0.00182482 0.00731984 8.88178e-16 4.44089e-16
0.00182149 0.00730646 0.00121544 3.9968e-15
0.00181818 0.00729314 4.44089e-16 1.77636e-15
0.00181488 0.00727987 0.00121102 8.88178e-16
0.00181159 0.00726664 1.33227e-15 2.66454e-15
0.00180832 0.00725347 0.00120664 8.88178e-16
0.00180505 0.00724034 0 0
0.0018018 0.00722726 0.00120228 4.44089e-16
0.00179856 0.00721422 3.55271e-15 2.22045e-15
0.00179533 0.00720123 0.00119796 8.88178e-16
0.00179211 0.00718829 1.33227e-15 2.22045e-15
0.00178891 0.0071754 0.00119367 8.88178e-16
0.00178571 0.00716255 1.33227e-15 3.9968e-15
0.00178253 0.00714975 0.00118941 4.44089e-16
0.00177936 0.00713699 0 8.88178e-16
0.0017762 0.00712428 0.00118518 3.55271e-15
0.00177305 0.00711161 3.10862e-15 2.22045e-15
0.00176991 0.00709899 0.00118099 2.22045e-15
0.00176678 0.00708641 3.10862e-15 4.44089e-16
0.00176367 0.00707388 0.00117682 0
0.00176056 0.00706139 4.44089e-16 8.88178e-16
0.00175747 0.00704895 0.00117268 0
0.00175439 0.00703655 4.44089e-15 1.33227e-15
0.00175131 0.00702419 0.00116856 4.44089e-16
0.00174825 0.00701188 1.77636e-15 2.66454e-15
0.0017452 0.00699961 0.00116448 4.44089e-16
0.00174216 0.00698738 8.88178e-16 4.44089e-16
0.00173913 0.0069752 0.00116043 4.44089e-16
0.00173611 0.00696306 1.77636e-15 2.22045e-15
0.0017331 0.00695096 0.0011564 8.88178e-16
0.0017301 0.0069389 3.55271e-15 8.88178e-16
0.00172712 0.00692688 0.0011524 2.22045e-15
0.00172414 0.00691491 3.9968e-15 3.10862e-15
0.00172117 0.00690298 0.00114843 2.22045e-15
0.00171821 0.00689108 1.33227e-15 3.9968e-15
0.00171527 0.00687923 0.00114449 1.33227e-15
0.00171233 0.00686742 1.77636e-15 4.44089e-16
0.0017094 0.00685565 0.00114058 1.33227e-15
0.00170648 0.00684392 2.22045e-15 2.66454e-15
0.00170358 0.00683223 0.00113669 2.22045e-15
0.00170068 0.00682058 4.44089e-15 1.77636e-15
0.00169779 0.00680897 0.00113282 0
0.00169492 0.0067974 4.44089e-16 4.44089e-16
0.00169205 0.00678587 0.00112899 4.44089e-16
0.00168919 0.00677438 3.55271e-15 2.66454e-15
0.00168634 0.00676292 0.00112518 8.88178e-16
0.0016835 0.00675151 3.9968e-15 3.10862e-15
0.00168067 0.00674013 0.00112139 1.77636e-15
0.00167785 0.00672879 2.22045e-15 2.22045e-15
0.00167504 0.00671749 0.00111763 8.88178e-16
0.00167224 0.00670623 8.88178e-16 1.33227e-15
0.00166945 0.00669501 0.0011139 4.44089e-16
0.00166667 0.00668382 4.44089e-16 4.44089e-16
0.00166389 0.00667267 0.00111019 4.44089e-15
0.00166113 0.00666156 1.77636e-15 4.44089e-16
0.00165837 0.00665048 0.0011065 1.33227e-15
0.00165563 0.00663944 0 2.66454e-15
0.00165289 0.00662844 0.00110284 1.77636e-15
0.00165017 0.00661747 4.44089e-16 2.22045e-15
0.00164745 0.00660655 0.0010992 1.77636e-15
0.00164474 0.00659565 1.77636e-15 1.33227e-15
0.00164204 0.00658479 0.00109559 1.77636e-15
0.00163934 0.00657397 1.33227e-15 4.44089e-16
0.00163666 0.00656319 0.001092 2.66454e-15
0.00163399 0.00655243 1.33227e-15 1.77636e-15
0.00163132 0.00654172 0.00108843 8.88178e-16
0.00162866 0.00653104 1.77636e-15 8.88178e-16
0.00162602 0.00652039 0.00108489 8.88178e-16
0.00162338 0.00650978 1.33227e-15 8.88178e-16
0.00162075 0.0064992 0.00108137 1.33227e-15
0.00161812 0.00648866 2.22045e-15 8.88178e-16
0.00161551 0.00647815 0.00107788 8.88178e-16
0.0016129 0.00646768 3.10862e-15 1.77636e-15
0.00161031 0.00645724 0.0010744 1.33227e-15
0.00160772 0.00644683 0 3.55271e-15
0.00160514 0.00643645 0.00107095 8.88178e-16
0.00160256 0.00642611 1.77636e-15 1.77636e-15
0.0016 0.00641581 0.00106752 1.77636e-15
0.00159744 0.00640553 1.77636e-15 4.44089e-16
0.0015949 0.00639529 0.00106411 4.44089e-16
0.00159236 0.00638508 2.66454e-15 3.9968e-15
0.00158983 0.00637491 0.00106073 3.9968e-15
0.0015873 0.00636476 1.77636e-15 1.33227e-15
0.00158479 0.00635465 0.00105736 8.88178e-16
0.00158228 0.00634457 3.10862e-15 1.33227e-15
0.00157978 0.00633453 0.00105402 2.22045e-15
0.00157729 0.00632451 1.33227e-15 8.88178e-16
0.0015748 0.00631453 0.0010507 0
0.00157233 0.00630457 8.88178e-16 4.44089e-16
0.00156986 0.00629465 0.00104739 4.44089e-16
0.0015674 0.00628476 1.33227e-15 1.33227e-15
0.00156495 0.0062749 0.00104411 2.22045e-15
0.0015625 0.00626507 1.33227e-15 4.44089e-16
0.00156006 0.00625528 0.00104085 4.44089e-16
0.00155763 0.00624551 2.22045e-15 8.88178e-16
0.00155521 0.00623577 0.00103761 3.55271e-15
0.0015528 0.00622607 1.33227e-15 2.22045e-15
0.00155039 0.00621639 0.00103439 0
0.00154799 0.00620675 4.44089e-15 3.10862e-15
0.0015456 0.00619713 0.00103119 2.66454e-15
0.00154321 0.00618754 3.55271e-15 4.44089e-16
0.00154083 0.00617799 0.00102801 1.33227e-15
0.00153846 0.00616846 1.77636e-15 2.66454e-15
0.0015361 0.00615896 0.00102485 8.88178e-16
0.00153374 0.00614949 2.22045e-15 0
0.00153139 0.00614005 0.00102171 1.77636e-15
0.00152905 0.00613064 1.77636e-15 2.66454e-15
0.00152672 0.00612126 0.00101859 1.33227e-15
0.00152439 0.00611191 4.44089e-16 1.33227e-15
0.00152207 0.00610258 0.00101549 0
0.00151976 0.00609329 1.33227e-15 4.44089e-16
0.00151745 0.00608402 0.0010124 8.88178e-16
0.00151515 0.00607478 1.77636e-15 1.77636e-15
0.00151286 0.00606557 0.00100934 8.88178e-16
0.00151057 0.00605638 3.55271e-15 8.88178e-16
0.0015083 0.00604723 0.00100629 4.44089e-16
0.00150602 0.0060381 1.77636e-15 2.22045e-15
0.00150376 0.006029 0.00100326 4.44089e-16
0.0015015 0.00601993 8.88178e-16 4.44089e-16
0.00149925 0.00601088 0.00100025 2.22045e-15
0.00149701 0.00600186 3.55271e-15 4.44089e-16
0.00149477 0.00599287 0.000997257 4.44089e-16
0.00149254 0.0059839 2.22045e-15 4.44089e-15
0.00149031 0.00597496 0.000994282 4.44089e-15
0.0014881 0.00596605 1.77636e-15 8.88178e-16
0.00148588 0.00595717 0.000991325 2.22045e-15
0.00148368 0.00594831 6.21725e-15 3.55271e-15
0.00148148 0.00593948 0.000988386 2.22045e-15
0.00147929 0.00593067 1.77636e-15 0
0.0014771 0.00592189 0.000985464 4.44089e-16
0.00147493 0.00591314 1.77636e-15 1.77636e-15
0.00147275 0.00590441 0.000982559 2.66454e-15
0.00147059 0.00589571 4.44089e-16 3.9968e-15
0.00146843 0.00588703 0.000979671 2.22045e-15
0.00146628 0.00587838 8.88178e-16 3.10862e-15
0.00146413 0.00586975 0.0009768 4.44089e-15
0.00146199 0.00586115 1.33227e-15 3.9968e-15
0.00145985 0.00585257 0.000973946 8.88178e-16
0.00145773 0.00584402 1.33227e-15 1.77636e-15
0.0014556 0.0058355 0.000971109 1.77636e-15
0.00145349 0.005827 8.88178e-16 1.33227e-15
0.00145138 0.00581852 0.000968288 2.22045e-15
0.00144928 0.00581007 3.10862e-15 1.77636e-15
0.00144718 0.00580164 0.000965483 8.88178e-16
0.00144509 0.00579324 4.44089e-16 4.44089e-15
0.001443 0.00578486 0.000962695 2.22045e-15
0.00144092 0.00577651 8.88178e-16 0
0.00143885 0.00576818 0.000959923 2.66454e-15
0.00143678 0.00575987 1.77636e-15 8.88178e-16
0.00143472 0.00575159 0.000957166 1.33227e-15
0.00143266 0.00574333 8.88178e-16 2.66454e-15
0.00143062 0.0057351 0.000954426 2.22045e-15
0.00142857 0.00572689 0 4.44089e-16
0.00142653 0.0057187 0.000951701 1.77636e-15
0.0014245 0.00571053 1.33227e-15 2.22045e-15
0.00142248 0.00570239 0.000948991 0
0.00142045 0.00569427 0 1.77636e-15
0.00141844 0.00568618 0.000946297 3.10862e-15
0.00141643 0.00567811 2.66454e-15 2.66454e-15
0.00141443 0.00567006 0.000943618 2.66454e-15
0.00141243 0.00566203 8.88178e-16 2.22045e-15
0.00141044 0.00565403 0.000940955 4.44089e-15
0.00140845 0.00564605 4.44089e-16 4.44089e-15
0.00140647 0.00563809 0.000938306 2.22045e-15
0.00140449 0.00563016 2.22045e-15 1.33227e-15
0.00140252 0.00562224 0.000935672 4.44089e-16
0.00140056 0.00561435 4.44089e-16 2.22045e-15
0.0013986 0.00560648 0.000933053 4.44089e-16
0.00139665 0.00559863 3.10862e-15 2.66454e-15
0.0013947 0.00559081 0.000930448 2.66454e-15
0.00139276 0.00558301 4.88498e-15 1.77636e-15
0.00139082 0.00557522 0.000927859 5.77316e-15
0.00138889 0.00556746 8.88178e-16 2.66454e-15
0.00138696 0.00555973 0.000925283 1.33227e-15
0.00138504 0.00555201 0 8.88178e-16
0.00138313 0.00554431 0.000922722 1.33227e-15
0.00138122 0.00553664 8.88178e-16 1.33227e-15
0.00137931 0.00552899 0.000920174 4.44089e-16
0.00137741 0.00552135 4.44089e-16 2.22045e-15
0.00137552 0.00551374 0.000917641 1.77636e-15
0.00137363 0.00550615 1.77636e-15 3.10862e-15
0.00137174 0.00549859 0.000915122 8.88178e-16
0.00136986 0.00549104 8.88178e-16 4.44089e-16
0.00136799 0.00548351 0.000912617 2.66454e-15
0.00136612 0.005476 1.33227e-15 5.32907e-15
0.00136426 0.00546852 0.000910125 8.88178e-16
0.0013624 0.00546105 4.44089e-16 0
0.00136054 0.0054536 0.000907647 8.88178e-16
0.0013587 0.00544618 8.88178e-16 1.33227e-15
0.00135685 0.00543877 0.000905182 4.44089e-15
0.00135501 0.00543139 2.66454e-15 2.66454e-15
0.00135318 0.00542402 0.00090273 2.66454e-15
0.00135135 0.00541668 2.66454e-15 3.10862e-15
0.00134953 0.00540935 0.000900292 4.44089e-16
0.00134771 0.00540205 3.10862e-15 5.77316e-15
0.0013459 0.00539476 0.000897867 1.33227e-15
0.00134409 0.0053875 8.88178e-16 4.88498e-15
0.00134228 0.00538025 0.000895455 2.66454e-15
0.00134048 0.00537302 8.88178e-16 0
0.00133869 0.00536582 0.000893056 4.44089e-16
0.0013369 0.00535863 5.77316e-15 1.33227e-15
0.00133511 0.00535146 0.00089067 3.55271e-15
0.00133333 0.00534431 1.77636e-15 4.44089e-16
0.00133156 0.00533718 0.000888296 1.77636e-15
0.00132979 0.00533007 0 1.77636e-15
0.00132802 0.00532297 0.000885935 3.10862e-15
0.00132626 0.0053159 2.22045e-15 4.44089e-16
0.0013245 0.00530884 0.000883587 4.44089e-16
0.00132275 0.00530181 2.22045e-15 0
0.001321 0.00529479 0.000881251 1.33227e-15
0.00131926 0.00528779 2.22045e-15 3.9968e-15
0.00131752 0.00528081 0.000878927 4.44089e-16
0.00131579 0.00527385 4.44089e-16 4.44089e-16
0.00131406 0.0052669 0.000876616 3.9968e-15
0.00131234 0.00525998 2.22045e-15 8.88178e-16
0.00131062 0.00525307 0.000874317 3.9968e-15
0.0013089 0.00524618 1.77636e-15 1.33227e-15
0.00130719 0.00523931 0.000872029 2.66454e-15
0.00130548 0.00523245 1.77636e-15 8.88178e-16
0.00130378 0.00522562 0.000869754 4.88498e-15
0.00130208 0.0052188 1.33227e-15 1.33227e-15
0.00130039 0.005212 0.00086749 3.10862e-15
0.0012987 0.00520522 2.22045e-15 4.44089e-16
0.00129702 0.00519845 0.000865239 0
0.00129534 0.00519171 4.44089e-16 2.22045e-15
0.00129366 0.00518498 0.000862999 3.10862e-15
0.00129199 0.00517826 4.44089e-16 1.33227e-15
0.00129032 0.00517157 0.00086077 2.22045e-15
0.00128866 0.00516489 2.66454e-15 4.88498e-15
0.001287 0.00515823 0.000858553 2.22045e-15
0.00128535 0.00515159 3.55271e-15 3.55271e-15
0.0012837 0.00514496 0.000856347 4.88498e-15
0.00128205 0.00513835 1.77636e-15 2.22045e-15
0.00128041 0.00513176 0.000854153 2.66454e-15
0.00127877 0.00512518 6.21725e-15 1.33227e-15
0.00127714 0.00511863 0.00085197 4.44089e-16
0.00127551 0.00511208 4.44089e-16 2.66454e-15
0.00127389 0.00510556 0.000849798 1.77636e-15
0.00127226 0.00509905 8.88178e-16 8.88178e-16
0.00127065 0.00509256 0.000847637 0
0.00126904 0.00508608 8.88178e-16 2.66454e-15
0.00126743 0.00507962 0.000845487 3.10862e-15
0.00126582 0.00507318 2.22045e-15 3.9968e-15
0.00126422 0.00506676 0.000843348 8.88178e-16
0.00126263 0.00506035 1.77636e-15 0
0.00126103 0.00505395 0.000841219 0
0.00125945 0.00504757 1.77636e-15 1.77636e-15
0.00125786 0.00504121 0.000839102 8.88178e-16
0.00125628 0.00503487 3.10862e-15 2.22045e-15
0.00125471 0.00502854 0.000836995 2.22045e-15
0.00125313 0.00502222 4.44089e-16 2.66454e-15
0.00125156 0.00501593 0.000834898 8.88178e-16
0.00125 0.00500965 0 8.88178e-16
0.00124844 0.00500338 0.000832813 3.55271e-15
0.00124688 0.00499713 8.88178e-16 4.44089e-15
0.00124533 0.00499089 0.000830737 1.77636e-15
0.00124378 0.00498467 3.10862e-15 8.88178e-16
0.00124224 0.00497847 0.000828672 3.55271e-15
0.00124069 0.00497228 4.44089e-16 1.33227e-15
0.00123916 0.00496611 0.000826617 3.10862e-15
0.00123762 0.00495995 1.77636e-15 1.33227e-15
0.00123609 0.00495381 0.000824572 0
0.00123457 0.00494768 3.9968e-15 5.77316e-15
0.00123305 0.00494157 0.000822537 3.55271e-15
0.00123153 0.00493547 1.33227e-15 1.77636e-15
0.00123001 0.00492939 0.000820513 3.10862e-15
0.0012285 0.00492332 2.22045e-15 5.32907e-15
0.00122699 0.00491727 0.000818498 3.55271e-15
0.00122549 0.00491123 0 2.22045e-15
0.00122399 0.00490521 0.000816493 2.22045e-15
0.00122249 0.0048992 1.33227e-15 3.55271e-15
0.001221 0.00489321 0.000814498 4.44089e-16
0.00121951 0.00488723 1.77636e-15 2.22045e-15
0.00121803 0.00488127 0.000812512 0
0.00121655 0.00487532 1.77636e-15 1.33227e-15
0.00121507 0.00486938 0.000810537 4.44089e-16
0.00121359 0.00486346 8.88178e-16 3.9968e-15
0.00121212 0.00485755 0.000808571 4.44089e-16
0.00121065 0.00485166 1.77636e-15 1.77636e-15
0.00120919 0.00484578 0.000806614 3.10862e-15
0.00120773 0.00483992 4.44089e-16 1.33227e-15
0.00120627 0.00483407 0.000804667 4.44089e-16
0.00120482 0.00482824 1.77636e-15 4.44089e-16
0.00120337 0.00482242 0.000802729 8.88178e-16
0.00120192 0.00481661 3.10862e-15 4.88498e-15
0.00120048 0.00481082 0.000800801 2.66454e-15
0.00119904 0.00480504 3.10862e-15 4.44089e-16
0.0011976 0.00479927 0.000798881 1.77636e-15
0.00119617 0.00479352 2.22045e-15 1.33227e-15
0.00119474 0.00478778 0.000796971 0
0.00119332 0.00478206 2.66454e-15 2.66454e-15
0.0011919 0.00477635 0.00079507 2.22045e-15
0.00119048 0.00477065 4.88498e-15 2.22045e-15
0.00118906 0.00476497 0.000793178 3.55271e-15
0.00118765 0.0047593 3.55271e-15 4.44089e-16
0.00118624 0.00475364 0.000791295 2.22045e-15
0.00118483 0.004748 4.44089e-16 3.10862e-15
0.00118343 0.00474237 0.000789421 2.22045e-15
0.00118203 0.00473676 0 1.77636e-15
0.00118064 0.00473115 0.000787556 1.33227e-15
0.00117925 0.00472556 8.88178e-16 2.22045e-15
0.00117786 0.00471999 0.0007857 1.33227e-15
0.00117647 0.00471443 1.33227e-15 0
0.00117509 0.00470888 0.000783852 2.22045e-15
0.00117371 0.00470334 8.88178e-16 1.33227e-15
0.00117233 0.00469782 0.000782013 1.33227e-15
0.00117096 0.0046923 1.77636e-15 1.77636e-15
0.00116959 0.00468681 0.000780183 4.44089e-16
0.00116822 0.00468132 4.44089e-16 1.77636e-15
0.00116686 0.00467585 0.000778361 4.88498e-15
0.0011655 0.00467039 4.44089e-15 1.77636e-15
0.00116414 0.00466494 0.000776548 2.66454e-15
0.00116279 0.00465951 1.33227e-15 2.22045e-15
0.00116144 0.00465409 0.000774743 8.88178e-16
0.00116009 0.00464868 1.77636e-15 6.21725e-15
0.00115875 0.00464328 0.000772947 4.44089e-16
0.00115741 0.0046379 1.33227e-15 4.88498e-15
0.00115607 0.00463253 0.000771158 0
0.00115473 0.00462717 3.55271e-15 3.10862e-15
0.0011534 0.00462182 0.000769378 4.44089e-15
0.00115207 0.00461649 4.44089e-15 4.44089e-15
0.00115075 0.00461117 0.000767607 5.77316e-15
0.00114943 0.00460586 1.33227e-15 2.66454e-15
0.00114811 0.00460056 0.000765843 0
0.00114679 0.00459527 0 2.22045e-15
0.00114548 0.00459 0.000764088 3.55271e-15
0.00114416 0.00458474 1.77636e-15 8.88178e-16
0.00114286 0.00457949 0.00076234 2.22045e-15
0.00114155 0.00457425 8.88178e-16 4.44089e-16
0.00114025 0.00456903 0.000760601 6.21725e-15
0.00113895 0.00456382 2.66454e-15 4.88498e-15
0.00113766 0.00455861 0.000758869 2.22045e-15
0.00113636 0.00455343 3.10862e-15 1.77636e-15
0.00113507 0.00454825 0.000757145 3.10862e-15
0.00113379 0.00454308 3.10862e-15 8.88178e-16
0.0011325 0.00453793 0.000755429 6.66134e-15
0.00113122 0.00453279 1.33227e-15 7.10543e-15
0.00112994 0.00452765 0.000753721 1.77636e-15
0.00112867 0.00452254 5.77316e-15 1.33227e-15
0.0011274 0.00451743 0.000752021 4.88498e-15
0.00112613 0.00451233 2.22045e-15 2.22045e-15
0.00112486 0.00450725 0.000750328 1.77636e-15
0.0011236 0.00450217 2.66454e-15 2.22045e-15
0.00112233 0.00449711 0.000748643 5.77316e-15
0.00112108 0.00449206 1.33227e-15 2.66454e-15
0.00111982 0.00448702 0.000746965 6.21725e-15
0.00111857 0.004482 8.88178e-16 1.77636e-15
0.00111732 0.00447698 0.000745295 0
0.00111607 0.00447197 4.88498e-15 1.33227e-15
0.00111483 0.00446698 0.000743632 2.22045e-15
0.00111359 0.004462 1.77636e-15 1.77636e-15
0.00111235 0.00445703 0.000741977 8.88178e-16
0.00111111 0.00445206 2.66454e-15 3.9968e-15
0.00110988 0.00444711 0.000740329 4.44089e-16
0.00110865 0.00444218 4.44089e-16 2.66454e-15
0.00110742 0.00443725 0.000738689 3.9968e-15
0.00110619 0.00443233 2.22045e-15 2.22045e-15
0.00110497 0.00442743 0.000737055 8.88178e-16
0.00110375 0.00442253 4.44089e-15 1.77636e-15
0.00110254 0.00441765 0.000735429 2.22045e-15
0.00110132 0.00441277 1.77636e-15 2.22045e-15
0.00110011 0.00440791 0.00073381 3.10862e-15
0.0010989 0.00440306 3.9968e-15 4.44089e-15
0.00109769 0.00439822 0.000732198 3.55271e-15
0.00109649 0.00439339 4.44089e-16 1.33227e-15
0.00109529 0.00438857 0.000730593 2.22045e-15
0.00109409 0.00438376 1.33227e-15 3.9968e-15
0.0010929 0.00437896 0.000728996 1.33227e-15
0.0010917 0.00437417 1.77636e-15 4.88498e-15
0.00109051 0.00436939 0.000727405 4.44089e-16
0.00108932 0.00436462 0 1.77636e-15
0.00108814 0.00435987 0.000725821 1.77636e-15
0.00108696 0.00435512 4.44089e-16 3.10862e-15
0.00108578 0.00435038 0.000724244 5.32907e-15
0.0010846 0.00434566 4.88498e-15 3.10862e-15
0.00108342 0.00434094 0.000722674 1.33227e-15
0.00108225 0.00433623 1.77636e-15 2.66454e-15
0.00108108 0.00433154 0.00072111 2.66454e-15
0.00107991 0.00432685 1.33227e-15 2.66454e-15
0.00107875 0.00432218 0.000719554 8.88178e-16
0.00107759 0.00431751 6.21725e-15 0
0.00107643 0.00431286 0.000718004 1.77636e-15
0.00107527 0.00430821 1.33227e-15 6.21725e-15
0.00107411 0.00430358 0.00071646 1.77636e-15
0.00107296 0.00429895 1.33227e-15 4.88498e-15
0.00107181 0.00429434 0.000714924 1.33227e-15
0.00107066 0.00428973 3.10862e-15 7.10543e-15
0.00106952 0.00428513 0.000713394 1.33227e-15
0.00106838 0.00428055 3.55271e-15 2.22045e-15
0.00106724 0.00427597 0.00071187 1.33227e-15
0.0010661 0.00427141 5.77316e-15 1.33227e-15
0.00106496 0.00426685 0.000710353 3.10862e-15
0.00106383 0.0042623 4.44089e-16 1.77636e-15
0.0010627 0.00425777 0.000708843 4.44089e-15
0.00106157 0.00425324 1.77636e-15 3.10862e-15
0.00106045 0.00424872 0.000707338 6.66134e-15
0.00105932 0.00424421 1.77636e-15 0
0.0010582 0.00423972 0.000705841 2.22045e-15
0.00105708 0.00423523 8.88178e-16 1.33227e-15
0.00105597 0.00423075 0.000704349 3.55271e-15
0.00105485 0.00422628 0 4.44089e-16
0.00105374 0.00422182 0.000702864 2.66454e-15
0.00105263 0.00421737 2.22045e-15 1.33227e-15
0.00105152 0.00421292 0.000701385 2.22045e-15
0.00105042 0.00420849 3.55271e-15 4.44089e-16
0.00104932 0.00420407 0.000699912 4.88498e-15
0.00104822 0.00419965 3.10862e-15 5.77316e-15
0.00104712 0.00419525 0.000698446 1.77636e-15
0.00104603 0.00419085 5.32907e-15 3.9968e-15
0.00104493 0.00418647 0.000696985 1.77636e-15
0.00104384 0.00418209 4.44089e-16 4.44089e-16
0.00104275 0.00417772 0.000695531 1.33227e-15
0.00104167 0.00417336 3.55271e-15 2.22045e-15
0.00104058 0.00416901 0.000694083 4.44089e-16
0.0010395 0.00416467 4.44089e-15 6.66134e-15
0.00103842 0.00416034 0.000692641 1.33227e-15
0.00103734 0.00415602 3.55271e-15 4.44089e-15
0.00103627 0.00415171 0.000691204 4.44089e-16
0.0010352 0.0041474 4.88498e-15 4.44089e-16
0.00103413 0.0041431 0.000689774 8.88178e-16
0.00103306 0.00413882 4.44089e-16 8.88178e-16
0.00103199 0.00413454 0.000688349 4.44089e-15
0.00103093 0.00413027 3.55271e-15 4.44089e-16
0.00102987 0.00412601 0.000686931 4.44089e-16
0.00102881 0.00412176 1.33227e-15 1.77636e-15
0.00102775 0.00411752 0.000685518 3.9968e-15
0.00102669 0.00411328 7.54952e-15 6.21725e-15
0.00102564 0.00410906 0.000684111 4.44089e-16
0.00102459 0.00410484 3.10862e-15 5.77316e-15
0.00102354 0.00410063 0.00068271 1.33227e-15
0.00102249 0.00409643 2.22045e-15 3.9968e-15
0.00102145 0.00409224 0.000681315 4.44089e-16
0.00102041 0.00408806 2.22045e-15 5.77316e-15
0.00101937 0.00408389 0.000679925 4.44089e-16
0.00101833 0.00407972 8.88178e-16 3.10862e-15
0.00101729 0.00407556 0.000678541 3.55271e-15
0.00101626 0.00407141 4.44089e-16 4.88498e-15
0.00101523 0.00406727 0.000677163 4.44089e-16
0.0010142 0.00406314 2.66454e-15 4.88498e-15
0.00101317 0.00405902 0.00067579 2.22045e-15
0.00101215 0.00405491 4.44089e-16 2.66454e-15
0.00101112 0.0040508 0.000674422 8.88178e-16
0.0010101 0.0040467 8.88178e-16 4.44089e-16
0.00100908 0.00404261 0.000673061 2.66454e-15
0.00100806 0.00403853 0 3.10862e-15
0.00100705 0.00403446 0.000671704 8.88178e-16
0.00100604 0.00403039 8.88178e-16 1.33227e-15
0.00100503 0.00402633 0.000670353 3.10862e-15
0.00100402 0.00402229 8.88178e-15 2.66454e-15
0.00100301 0.00401824 0.000669008 3.55271e-15
0.001002 0.00401421 5.77316e-15 4.44089e-16
0.001001 0.00401019 0.000667668 8.88178e-16

