t	y1	y2
0	0	1
0.1	0.1	1
0.2	0.2	0.99
0.3	0.299	0.97
0.4	0.396	0.9401
0.5	0.49001	0.9005
0.6	0.58006	0.851499
0.7	0.66521	0.793493
0.8	0.744559	0.726972
0.9	0.817256	0.652516
1	0.882508	0.57079
1.1	0.939587	0.48254
1.2	0.987841	0.388581
1.3	1.0267	0.289797
1.4	1.05568	0.187127
1.5	1.07439	0.0815591
1.6	1.08255	-0.0258801
1.7	1.07996	-0.134135
1.8	1.06655	-0.242131
1.9	1.04233	-0.348785
2	1.00745	-0.453019
2.1	0.962152	-0.553764
2.2	0.906776	-0.649979
2.3	0.841778	-0.740657
2.4	0.767712	-0.824835
2.5	0.685229	-0.901606
2.6	0.595068	-0.970129
2.7	0.498055	-1.02964
2.8	0.395092	-1.07944
2.9	0.287148	-1.11895
3	0.175253	-1.14767
3.1	0.0604862	-1.16519
3.2	-0.0560329	-1.17124
3.3	-0.173157	-1.16564
3.4	-0.28972	-1.14832
3.5	-0.404552	-1.11935
3.6	-0.516487	-1.07889
3.7	-0.624376	-1.02724
3.8	-0.727101	-0.964806
3.9	-0.823582	-0.892096
4	-0.912791	-0.809738
4.1	-0.993765	-0.718459
4.2	-1.06561	-0.619083
4.3	-1.12752	-0.512522
4.4	-1.17877	-0.39977
4.5	-1.21875	-0.281892
4.6	-1.24694	-0.160018
4.7	-1.26294	-0.0353239
4.8	-1.26647	0.09097
4.9	-1.25737	0.217617
5	-1.23561	0.343355
5.1	-1.20128	0.466916
5.2	-1.15459	0.587044
5.3	-1.09588	0.702502
5.4	-1.02563	0.81209
5.5	-0.944422	0.914654
5.6	-0.852957	1.0091
5.7	-0.752047	1.09439
5.8	-0.642608	1.1696
5.9	-0.525649	1.23386
6	-0.402263	1.28642
6.1	-0.273621	1.32665
6.2	-0.140956	1.35401
6.3	-0.00555481	1.36811
6.4	0.131256	1.36866
6.5	0.268122	1.35554
6.6	0.403675	1.32872
6.7	0.536548	1.28836
6.8	0.665383	1.2347
6.9	0.788854	1.16816
7	0.90567	1.08928
7.1	1.0146	0.998711
7.2	1.11447	0.897251
7.3	1.20419	0.785804
7.4	1.28277	0.665385
7.5	1.34931	0.537107
7.6	1.40302	0.402176
7.7	1.44324	0.261874
7.8	1.46943	0.117549
7.9	1.48118	-0.0293934
8	1.47824	-0.177512
8.1	1.46049	-0.325336
8.2	1.42796	-0.471385
8.3	1.38082	-0.614181
8.4	1.3194	-0.752263
8.5	1.24418	-0.884204
8.6	1.15576	-1.00862
8.7	1.05489	-1.1242
8.8	0.942474	-1.22969
8.9	0.819505	-1.32393
9	0.687112	-1.40588
9.1	0.546524	-1.4746
9.2	0.399064	-1.52925
9.3	0.246139	-1.56915
9.4	0.0892239	-1.59377
9.5	-0.0701529	-1.60269
9.6	-0.230422	-1.59567
9.7	-0.389989	-1.57263
9.8	-0.547253	-1.53363
9.9	-0.700616	-1.47891
10	-0.848507	-1.40885
10.1	-0.989392	-1.324
10.2	-1.12179	-1.22506
10.3	-1.2443	-1.11288
10.4	-1.35558	-0.988448
10.5	-1.45443	-0.85289
10.6	-1.53972	-0.707447
10.7	-1.61046	-0.553475
10.8	-1.66581	-0.392429
10.9	-1.70505	-0.225848
11	-1.72764	-0.0553422
11.1	-1.73317	0.117422
11.2	-1.72143	0.290739
11.3	-1.69236	0.462882
11.4	-1.64607	0.632118
11.5	-1.58286	0.796724
11.6	-1.50318	0.95501
11.7	-1.40768	1.10533
11.8	-1.29715	1.2461
11.9	-1.17254	1.37581
12	-1.03496	1.49307
12.1	-0.885653	1.59656
12.2	-0.725997	1.68513
12.3	-0.557484	1.75773
12.4	-0.381711	1.81348
12.5	-0.200364	1.85165
12.6	-0.0151991	1.87168
12.7	0.171969	1.8732
12.8	0.359289	1.85601
12.9	0.54489	1.82008
13	0.726898	1.76559
13.1	0.903456	1.6929
13.2	1.07275	1.60255
13.3	1.233	1.49528
13.4	1.38253	1.37198
13.5	1.51973	1.23372
13.6	1.6431	1.08175
13.7	1.75127	0.917442
13.8	1.84302	0.742315
13.9	1.91725	0.558013
14	1.97305	0.366288
14.1	2.00968	0.168982
14.2	2.02658	-0.0319855
14.3	2.02338	-0.234643
14.4	1.99992	-0.436981
14.5	1.95622	-0.636973
14.6	1.89252	-0.832595
14.7	1.80926	-1.02185
14.8	1.70708	-1.20277
14.9	1.5868	-1.37348
15	1.44945	-1.53216
15.1	1.29623	-1.67711
15.2	1.12852	-1.80673
15.3	0.947851	-1.91958
15.4	0.755893	-2.01437
15.5	0.554457	-2.08996
15.6	0.345461	-2.1454
15.7	0.130921	-2.17995
15.8	-0.0870739	-2.19304
15.9	-0.306378	-2.18433
16	-0.524811	-2.15369
16.1	-0.740181	-2.10121
16.2	-0.950302	-2.0272
16.3	-1.15302	-1.93217
16.4	-1.34624	-1.81686
16.5	-1.52792	-1.68224
16.6	-1.69615	-1.52945
16.7	-1.84909	-1.35983
16.8	-1.98508	-1.17492
16.9	-2.10257	-0.976415
17	-2.20021	-0.766158
17.1	-2.27683	-0.546137
17.2	-2.33144	-0.318455
17.3	-2.36328	-0.0853108
17.4	-2.37182	0.151018
17.5	-2.35671	0.388199
17.6	-2.31789	0.623871
17.7	-2.25551	0.85566
17.8	-2.16994	1.08121
17.9	-2.06182	1.2982
18	-1.932	1.50439
18.1	-1.78156	1.69759
18.2	-1.6118	1.87574
18.3	-1.42423	2.03692
18.4	-1.22054	2.17935
18.5	-1.0026	2.3014
18.6	-0.772461	2.40166
18.7	-0.532295	2.47891
18.8	-0.284404	2.53214
18.9	-0.0311909	2.56058
19	0.224867	2.56369
19.1	0.481236	2.54121
19.2	0.735357	2.49308
19.3	0.984665	2.41955
19.4	1.22662	2.32108
19.5	1.45873	2.19842
19.6	1.67857	2.05255
19.7	1.88383	1.88469
19.8	2.07229	1.69631
19.9	2.24193	1.48908
20	2.39083	1.26489
20.1	2.51732	1.0258
20.2	2.6199	0.77407
20.3	2.69731	0.51208
20.4	2.74852	0.242349
20.5	2.77275	-0.0325023
20.6	2.7695	-0.309777
20.7	2.73852	-0.586728
20.8	2.67985	-0.86058
20.9	2.59379	-1.12857
21	2.48094	-1.38794
21.1	2.34214	-1.63604
21.2	2.17854	-1.87025
21.3	1.99151	-2.08811
21.4	1.7827	-2.28726
21.5	1.55398	-2.46553
21.6	1.30742	-2.62093
21.7	1.04533	-2.75167
21.8	0.770165	-2.8562
21.9	0.484544	-2.93322
22	0.191223	-2.98167
22.1	-0.106944	-3.00079
22.2	-0.407024	-2.9901
22.3	-0.706034	-2.9494
22.4	-1.00097	-2.87879
22.5	-1.28885	-2.7787
22.6	-1.56672	-2.64981
22.7	-1.8317	-2.49314
22.8	-2.08102	-2.30997
22.9	-2.31201	-2.10187
23	-2.5222	-1.87067
23.1	-2.70927	-1.61845
23.2	-2.87111	-1.34752
23.3	-3.00586	-1.06041
23.4	-3.1119	-0.759821
23.5	-3.18789	-0.44863
23.6	-3.23275	-0.129842
23.7	-3.24573	0.193433
23.8	-3.22639	0.518007
23.9	-3.17459	0.840646
24	-3.09053	1.1581
24.1	-2.97471	1.46716
24.2	-2.828	1.76463
24.3	-2.65154	2.04743
24.4	-2.44679	2.31258
24.5	-2.21554	2.55726
24.6	-1.95981	2.77882
24.7	-1.68193	2.9748
24.8	-1.38445	3.14299
24.9	-1.07015	3.28143
25	-0.742006	3.38845
25.1	-0.403161	3.46265
25.2	-0.056896	3.50297
25.3	0.293401	3.50865
25.4	0.644266	3.47931
25.5	0.992198	3.41489
25.6	1.33369	3.31567
25.7	1.66525	3.1823
25.8	1.98348	3.01577
25.9	2.28506	2.81743
26	2.5668	2.58892
26.1	2.8257	2.33224
26.2	3.05892	2.04967
26.3	3.26389	1.74378
26.4	3.43826	1.41739
26.5	3.58	1.07356
26.6	3.68736	0.715563
26.7	3.75892	0.346827
26.8	3.7936	-0.0290645
26.9	3.79069	-0.408424
27	3.74985	-0.787494
27.1	3.6711	-1.16248
27.2	3.55485	-1.52959
27.3	3.40189	-1.88507
27.4	3.21339	-2.22526
27.5	2.99086	-2.5466
27.6	2.7362	-2.84569
27.7	2.45163	-3.11931
27.8	2.1397	-3.36447
27.9	1.80325	-3.57844
28	1.44541	-3.75877
28.1	1.06953	-3.90331
28.2	0.679202	-4.01026
28.3	0.278176	-4.07818
28.4	-0.129642	-4.106
28.5	-0.540242	-4.09303
28.6	-0.949546	-4.03901
28.7	-1.35345	-3.94405
28.8	-1.74785	-3.80871
28.9	-2.12872	-3.63392
29	-2.49212	-3.42105
29.1	-2.83422	-3.17184
29.2	-3.1514	-2.88842
29.3	-3.44025	-2.57328
29.4	-3.69757	-2.22925
29.5	-3.9205	-1.8595
29.6	-4.10645	-1.46745
29.7	-4.25319	-1.0568
29.8	-4.35887	-0.631482
29.9	-4.42202	-0.195595
30	-4.44158	0.246608
30.1	-4.41692	0.690766
30.2	-4.34784	1.13246
30.3	-4.2346	1.56724
30.4	-4.07787	1.9907
30.5	-3.8788	2.39849
30.6	-3.63896	2.78637
30.7	-3.36032	3.15027
30.8	-3.04529	3.4863
30.9	-2.69666	3.79083
31	-2.31758	4.06049
31.1	-1.91153	4.29225
31.2	-1.4823	4.4834
31.3	-1.03396	4.63163
31.4	-0.570801	4.73503
31.5	-0.097298	4.79211
31.6	0.381913	4.80184
31.7	0.862097	4.76365
31.8	1.33846	4.67744
31.9	1.80621	4.54359
32	2.26057	4.36297
32.1	2.69686	4.13692
32.2	3.11055	3.86723
32.3	3.49728	3.55617
32.4	3.85289	3.20645
32.5	4.17354	2.82116
32.6	4.45566	2.4038
32.7	4.69604	1.95824
32.8	4.89186	1.48863
32.9	5.04072	0.999448
33	5.14067	0.495376
33.1	5.19021	-0.0186906
33.2	5.18834	-0.537711
33.3	5.13457	-1.05654
33.4	5.02891	-1.57
33.5	4.87191	-2.07289
33.6	4.66462	-2.56008
33.7	4.40861	-3.02655
33.8	4.10596	-3.46741
33.9	3.75922	-3.878
34	3.37142	-4.25392
34.1	2.94603	-4.59107
34.2	2.48692	-4.88567
34.3	1.99835	-5.13436
34.4	1.48492	-5.3342
34.5	0.951496	-5.48269
34.6	0.403227	-5.57784
34.7	-0.154556	-5.61816
34.8	-0.716372	-5.6027
34.9	-1.27664	-5.53107
35	-1.82975	-5.4034
35.1	-2.37009	-5.22043
35.2	-2.89213	-4.98342
35.3	-3.39047	-4.69421
35.4	-3.85989	-4.35516
35.5	-4.29541	-3.96917
35.6	-4.69233	-3.53963
35.7	-5.04629	-3.07039
35.8	-5.35333	-2.56577
35.9	-5.60991	-2.03043
36	-5.81295	-1.46944
36.1	-5.95989	-0.888147
36.2	-6.04871	-0.292158
36.3	-6.07792	0.312713
36.4	-6.04665	0.920506
36.5	-5.9546	1.52517
36.6	-5.80209	2.12063
36.7	-5.59002	2.70084
36.8	-5.31994	3.25984
36.9	-4.99395	3.79184
37	-4.61477	4.29123
37.1	-4.18565	4.75271
37.2	-3.71038	5.17127
37.3	-3.19325	5.54231
37.4	-2.63902	5.86164
37.5	-2.05285	6.12554
37.6	-1.4403	6.33082
37.7	-0.807219	6.47485
37.8	-0.159733	6.55557
37.9	0.495824	6.57155
38	1.15298	6.52197
38.1	1.80518	6.40667
38.2	2.44584	6.22615
38.3	3.06846	5.98157
38.4	3.66661	5.67472
38.5	4.23409	5.30806
38.6	4.76489	4.88465
38.7	5.25336	4.40816
38.8	5.69417	3.88283
38.9	6.08246	3.31341
39	6.4138	2.70516
39.1	6.68431	2.06378
39.2	6.89069	1.39535
39.3	7.03023	0.706283
39.4	7.10085	0.00325992
39.5	7.10118	-0.706825
39.6	7.0305	-1.41694
39.7	6.8888	-2.11999
39.8	6.6768	-2.80887
39.9	6.39592	-3.47655
40	6.04826	-4.11615
40.1	5.63665	-4.72097
40.2	5.16455	-5.28464
40.3	4.63609	-5.80109
40.4	4.05598	-6.2647
40.5	3.42951	-6.6703
40.6	2.76248	-7.01325
40.7	2.06115	-7.2895
40.8	1.3322	-7.49561
40.9	0.582641	-7.62883
41	-0.180242	-7.6871
41.1	-0.948951	-7.66907
41.2	-1.71586	-7.57418
41.3	-2.47328	-7.40259
41.4	-3.21354	-7.15526
41.5	-3.92906	-6.83391
41.6	-4.61245	-6.441
41.7	-5.25655	-5.97976
41.8	-5.85453	-5.4541
41.9	-6.39994	-4.86865
42	-6.8868	-4.22866
42.1	-7.30967	-3.53998
42.2	-7.66367	-2.80901
42.3	-7.94457	-2.04264
42.4	-8.14883	-1.24819
42.5	-8.27365	-0.433302
42.6	-8.31698	0.394063
42.7	-8.27757	1.22576
42.8	-8.155	2.05352
42.9	-7.94965	2.86902
43	-7.66274	3.66398
43.1	-7.29635	4.43026
43.2	-6.85332	5.15989
43.3	-6.33733	5.84522
43.4	-5.75281	6.47896
43.5	-5.10491	7.05424
43.6	-4.39949	7.56473
43.7	-3.64302	8.00468
43.8	-2.84255	8.36898
43.9	-2.00565	8.65323
44	-1.14033	8.8538
44.1	-0.254947	8.96783
44.2	0.641836	8.99333
44.3	1.54117	8.92914
44.4	2.43408	8.77503
44.5	3.31159	8.53162
44.6	4.16475	8.20046
44.7	4.98479	7.78398
44.8	5.76319	7.28551
44.9	6.49174	6.70919
45	7.16266	6.06001
45.1	7.76866	5.34375
45.2	8.30304	4.56688
45.3	8.75973	3.73658
45.4	9.13338	2.8606
45.5	9.41944	1.94727
45.6	9.61417	1.00532
45.7	9.7147	0.0439038
45.8	9.71909	-0.927566
45.9	9.62634	-1.89948
46	9.43639	-2.86211
46.1	9.15018	-3.80575
46.2	8.7696	-4.72077
46.3	8.29753	-5.59773
46.4	7.73775	-6.42748
46.5	7.09501	-7.20125
46.6	6.37488	-7.91075
46.7	5.5838	-8.54824
46.8	4.72898	-9.10662
46.9	3.81832	-9.57952
47	2.86037	-9.96135
47.1	1.86423	-10.2474
47.2	0.839492	-10.4338
47.3	-0.203889	-10.5178
47.4	-1.25567	-10.4974
47.5	-2.3054	-10.3718
47.6	-3.34258	-10.1413
47.7	-4.35671	-9.80701
47.8	-5.33741	-9.37134
47.9	-6.27454	-8.8376
48	-7.1583	-8.21014
48.1	-7.97932	-7.49431
48.2	-8.72875	-6.69638
48.3	-9.39839	-5.8235
48.4	-9.98074	-4.88366
48.5	-10.4691	-3.88559
48.6	-10.8577	-2.83868
48.7	-11.1415	-1.75291
48.8	-11.3168	-0.638762
48.9	-11.3807	0.492921
49	-11.3314	1.63099
49.1	-11.1683	2.76413
49.2	-10.8919	3.88096
49.3	-10.5038	4.97015
49.4	-10.0068	6.02053
49.5	-9.40473	7.02121
49.6	-8.70261	7.96168
49.7	-7.90644	8.83194
49.8	-7.02325	9.62259
49.9	-6.06099	10.3249
50	-5.0285	10.931
50.1	-3.9354	11.4339
50.2	-2.79201	11.8274
50.3	-1.60927	12.1066
50.4	-0.398609	12.2675
50.5	0.828144	12.3074
50.6	2.05888	12.2246
50.7	3.28134	12.0187
50.8	4.48321	11.6906
50.9	5.65226	11.2422
51	6.77649	10.677
51.1	7.84419	9.99936
51.2	8.84412	9.21494
51.3	9.76562	8.33053
51.4	10.5987	7.35396
51.5	11.3341	6.2941
51.6	11.9635	5.16069
51.7	12.4795	3.96434
51.8	12.876	2.71639
51.9	13.1476	1.42879
52	13.2905	0.114028
52.1	13.3019	-1.21502
52.2	13.1804	-2.54521
52.3	12.9259	-3.86325
52.4	12.5396	-5.15584
52.5	12.024	-6.40979
52.6	11.383	-7.61219
52.7	10.6218	-8.75049
52.8	9.74672	-9.81267
52.9	8.76545	-10.7873
53	7.68672	-11.6639
53.1	6.52033	-12.4326
53.2	5.27708	-13.0846
53.3	3.96862	-13.6123
53.4	2.60739	-14.0092
53.5	1.20647	-14.2699
53.6	-0.220518	-14.3905
53.7	-1.65957	-14.3685
53.8	-3.09642	-14.2025
53.9	-4.51668	-13.8929
54	-5.90596	-13.4412
54.1	-7.25009	-12.8506
54.2	-8.53515	-12.1256
54.3	-9.74771	-11.2721
54.4	-10.8749	-10.2973
54.5	-11.9047	-9.20984
54.6	-12.8256	-8.01938
54.7	-13.6276	-6.73681
54.8	-14.3013	-5.37405
54.9	-14.8387	-3.94393
55	-15.2331	-2.46006
55.1	-15.4791	-0.936756
55.2	-15.5727	0.61115
55.3	-15.5116	2.16842
55.4	-15.2948	3.71959
55.5	-14.9228	5.24906
55.6	-14.3979	6.74135
55.7	-13.7238	8.18114
55.8	-12.9057	9.55352
55.9	-11.9503	10.8441
56	-10.8659	12.0391
56.1	-9.662	13.1257
56.2	-8.34943	14.0919
56.3	-6.94023	14.9268
56.4	-5.44755	15.6209
56.5	-3.88546	16.1656
56.6	-2.2689	16.5542
56.7	-0.613483	16.7811
56.8	1.06462	16.8424
56.9	2.74886	16.7359
57	4.42246	16.4611
57.1	6.06856	16.0188
57.2	7.67045	15.412
57.3	9.21164	14.6449
57.4	10.6761	13.7238
57.5	12.0485	12.6561
57.6	13.3141	11.4513
57.7	14.4593	10.1199
57.8	15.4712	8.67395
57.9	16.3386	7.12682
58	17.0513	5.49296
58.1	17.6006	3.78783
58.2	17.9794	2.02777
58.3	18.1822	0.229829
58.4	18.2052	-1.58839
58.5	18.0463	-3.4089
58.6	17.7054	-5.21354
58.7	17.1841	-6.98408
58.8	16.4857	-8.70248
58.9	15.6154	-10.3511
59	14.5803	-11.9126
59.1	13.3891	-13.3706
59.2	12.052	-14.7095
59.3	10.581	-15.9147
59.4	8.98956	-16.9728
59.5	7.29228	-17.8718
59.6	5.5051	-18.601
59.7	3.645	-19.1515
59.8	1.72985	-19.516
59.9	-0.221755	-19.689
60	-2.19066	-19.6668
60.1	-4.15734	-19.4478
60.2	-6.10212	-19.032
60.3	-8.00532	-18.4218
60.4	-9.8475	-17.6213
60.5	-11.6096	-16.6365
60.6	-13.2733	-15.4756
60.7	-14.8208	-14.1482
60.8	-16.2357	-12.6662
60.9	-17.5023	-11.0426
61	-18.6065	-9.29237
61.1	-19.5358	-7.43172
61.2	-20.279	-5.47814
61.3	-20.8268	-3.45024
61.4	-21.1718	-1.36756
61.5	-21.3085	0.749614
61.6	-21.2336	2.88047
61.7	-20.9455	5.00383
61.8	-20.4452	7.09838
61.9	-19.7353	9.1429
62	-18.821	11.1164
62.1	-17.7094	12.9985
62.2	-16.4095	14.7695
62.3	-14.9326	16.4104
62.4	-13.2915	17.9037
62.5	-11.5012	19.2328
62.6	-9.57789	20.383
62.7	-7.5396	21.3407
62.8	-5.40552	22.0947
62.9	-3.19605	22.6353
63	-0.932526	22.9549
63.1	1.36296	23.0481
63.2	3.66777	22.9118
63.3	5.95895	22.545
63.4	8.21346	21.9491
63.5	10.4084	21.1278
63.6	12.5212	20.087
63.7	14.5298	18.8348
63.8	16.4133	17.3819
63.9	18.1515	15.7405
64	19.7256	13.9254
64.1	21.1181	11.9528
64.2	22.3134	9.84101
64.3	23.2975	7.60967
64.4	24.0585	5.27992
64.5	24.5865	2.87407
64.6	24.8739	0.415429
64.7	24.9154	-2.07196
64.8	24.7082	-4.5635
64.9	24.2519	-7.03432
65	23.5484	-9.4595
65.1	22.6025	-11.8143
65.2	21.421	-14.0746
65.3	20.0136	-16.2167
65.4	18.3919	-18.2181
65.5	16.5701	-20.0572
65.6	14.5644	-21.7143
65.7	12.393	-23.1707
65.8	10.0759	-24.41
65.9	7.63489	-25.4176
66	5.09313	-26.1811
66.1	2.47502	-26.6904
66.2	-0.194016	-26.9379
66.3	-2.8878	-26.9185
66.4	-5.57965	-26.6297
66.5	-8.24262	-26.0717
66.6	-10.8498	-25.2475
66.7	-13.3745	-24.1625
66.8	-15.7908	-22.825
66.9	-18.0733	-21.246
67	-20.1979	-19.4386
67.1	-22.1418	-17.4188
67.2	-23.8836	-15.2047
67.3	-25.4041	-12.8163
67.4	-26.6857	-10.2759
67.5	-27.7133	-7.60732
67.6	-28.4741	-4.83598
67.7	-28.9577	-1.98858
67.8	-29.1565	0.907187
67.9	-29.0658	3.82284
68	-28.6835	6.72942
68.1	-28.0106	9.59777
68.2	-27.0508	12.3988
68.3	-25.8109	15.1039
68.4	-24.3005	17.685
68.5	-22.532	20.115
68.6	-20.5205	22.3682
68.7	-18.2837	24.4203
68.8	-15.8417	26.2487
68.9	-13.2168	27.8328
69	-10.4335	29.1545
69.1	-7.51806	30.1979
69.2	-4.49827	30.9497
69.3	-1.4033	31.3995
69.4	1.73665	31.5398
69.5	4.89063	31.3662
69.6	8.02725	30.8771
69.7	11.115	30.0744
69.8	14.1224	28.9629
69.9	17.0187	27.5506
70	19.7737	25.8488
70.1	22.3586	23.8714
70.2	24.7458	21.6355
70.3	26.9093	19.161
70.4	28.8254	16.47
70.5	30.4724	13.5875
70.6	31.8312	10.5402
70.7	32.8852	7.35713
70.8	33.6209	4.06861
70.9	34.0278	0.706521
71	34.0984	-2.69626
71.1	33.8288	-6.1061
71.2	33.2182	-9.48898
71.3	32.2693	-12.8108
71.4	30.9882	-16.0377
71.5	29.3844	-19.1365
71.6	27.4708	-22.075
71.7	25.2633	-24.8221
71.8	22.7811	-27.3484
71.9	20.0462	-29.6265
72	17.0836	-31.6311
72.1	13.9205	-33.3395
72.2	10.5865	-34.7315
72.3	7.11337	-35.7902
72.4	3.53435	-36.5015
72.5	-0.1158	-36.855
72.6	-3.80129	-36.8434
72.7	-7.48563	-36.4632
72.8	-11.132	-35.7147
72.9	-14.7034	-34.6015
73	-18.1636	-33.1311
73.1	-21.4767	-31.3148
73.2	-24.6082	-29.1671
73.3	-27.5249	-26.7063
73.4	-30.1955	-23.9538
73.5	-32.5909	-20.9343
73.6	-34.6843	-17.6752
73.7	-36.4518	-14.2067
73.8	-37.8725	-10.5616
73.9	-38.9287	-6.77431
74	-39.6061	-2.88144
74.1	-39.8942	1.07917
74.2	-39.7863	5.06859
74.3	-39.2795	9.04722
74.4	-38.3747	12.9752
74.5	-37.0772	16.8126
74.6	-35.396	20.5204
74.7	-33.3439	24.06
74.8	-30.9379	27.3944
74.9	-28.1985	30.4881
75	-25.1497	33.308
75.1	-21.8189	35.823
75.2	-18.2366	38.0048
75.3	-14.4361	39.8285
75.4	-10.4532	41.2721
75.5	-6.32603	42.3174
75.6	-2.09429	42.95
75.7	2.20072	43.1595
75.8	6.51666	42.9394
75.9	10.8106	42.2877
76	15.0394	41.2067
76.1	19.16	39.7027
76.2	23.1303	37.7867
76.3	26.909	35.4737
76.4	30.4564	32.7828
76.5	33.7346	29.7372
76.6	36.7084	26.3637
76.7	39.3447	22.6929
76.8	41.614	18.7584
76.9	43.4899	14.597
77	44.9496	10.248
77.1	45.9744	5.75305
77.2	46.5497	1.15561
77.3	46.6652	-3.49935
77.4	46.3153	-8.16587
77.5	45.4987	-12.7974
77.6	44.219	-17.3473
77.7	42.4842	-21.7692
77.8	40.3073	-26.0176
77.9	37.7056	-30.0483
78	34.7007	-33.8189
78.1	31.3188	-37.2889
78.2	27.5899	-40.4208
78.3	23.5479	-43.1798
78.4	19.2299	-45.5346
78.5	14.6764	-47.4576
78.6	9.93065	-48.9252
78.7	5.03813	-49.9183
78.8	0.0462964	-50.4221
78.9	-4.99592	-50.4267
79	-10.0386	-49.9272
79.1	-15.0313	-48.9233
79.2	-19.9236	-47.4202
79.3	-24.6657	-45.4278
79.4	-29.2084	-42.9612
79.5	-33.5046	-40.0404
79.6	-37.5086	-36.6899
79.7	-41.1776	-32.9391
79.8	-44.4715	-28.8213
79.9	-47.3536	-24.3742
80	-49.791	-19.6388
80.1	-51.7549	-14.6597
80.2	-53.2209	-9.48421
80.3	-54.1693	-4.16212
80.4	-54.5855	1.25481
80.5	-54.46	6.71336
80.6	-53.7887	12.1594
80.7	-52.5728	17.5382
80.8	-50.819	22.7955
80.9	-48.5394	27.8774
81	-45.7517	32.7314
81.1	-42.4785	37.3065
81.2	-38.7479	41.5544
81.3	-34.5924	45.4292
81.4	-30.0495	48.8884
81.5	-25.1607	51.8934
81.6	-19.9713	54.4094
81.7	-14.5304	56.4066
81.8	-8.88975	57.8596
81.9	-3.10379	58.7486
82	2.77107	59.0589
82.1	8.67697	58.7818
82.2	14.5552	57.9141
82.3	20.3466	56.4586
82.4	25.9924	54.424
82.5	31.4348	51.8247
82.6	36.6173	48.6812
82.7	41.4854	45.0195
82.8	45.9874	40.871
82.9	50.0745	36.2722
83	53.7017	31.2648
83.1	56.8282	25.8946
83.2	59.4176	20.2118
83.3	61.4388	14.27
83.4	62.8658	8.12616
83.5	63.6784	1.83958
83.6	63.8624	-4.52827
83.7	63.4096	-10.9145
83.8	62.3181	-17.2555
83.9	60.5926	-23.4873
84	58.2438	-29.5465
84.1	55.2892	-35.3709
84.2	51.7521	-40.8998
84.3	47.6621	-46.075
84.4	43.0546	-50.8413
84.5	37.9705	-55.1467
84.6	32.4558	-58.9438
84.7	26.5614	-62.1894
84.8	20.3425	-64.8455
84.9	13.858	-66.8797
85	7.16998	-68.2655
85.1	0.343424	-68.9825
85.2	-6.55483	-69.0169
85.3	-13.4565	-68.3614
85.4	-20.2927	-67.0157
85.5	-26.9942	-64.9865
85.6	-33.4929	-62.2871
85.7	-39.7216	-58.9378
85.8	-45.6154	-54.9656
85.9	-51.1119	-50.4041
86	-56.1523	-45.2929
86.1	-60.6816	-39.6776
86.2	-64.6494	-33.6095
86.3	-68.0103	-27.1445
86.4	-70.7248	-20.3435
86.5	-72.7591	-13.271
86.6	-74.0862	-5.99512
86.7	-74.6858	1.4135
86.8	-74.5444	8.88208
86.9	-73.6562	16.3365
87	-72.0225	23.7021
87.1	-69.6523	30.9044
87.2	-66.5619	37.8696
87.3	-62.7749	44.5258
87.4	-58.3223	50.8033
87.5	-53.242	56.6355
87.6	-47.5785	61.9597
87.7	-41.3825	66.7176
87.8	-34.7107	70.8558
87.9	-27.6251	74.3269
88	-20.1925	77.0894
88.1	-12.4835	79.1087
88.2	-4.57264	80.357
88.3	3.46306	80.8143
88.4	11.5445	80.468
88.5	19.5913	79.3135
88.6	27.5226	77.3544
88.7	35.2581	74.6021
88.8	42.7183	71.0763
88.9	49.8259	66.8045
89	56.5064	61.8219
89.1	62.6886	56.1713
89.2	68.3057	49.9024
89.3	73.2959	43.0718
89.4	77.6031	35.7423
89.5	81.1773	27.9819
89.6	83.9755	19.8642
89.7	85.962	11.4667
89.8	87.1086	2.87046
89.9	87.3957	-5.84041
90	86.8116	-14.58
90.1	85.3536	-23.2611
90.2	83.0275	-31.7965
90.3	79.8479	-40.0993
90.4	75.8379	-48.084
90.5	71.0295	-55.6678
90.6	65.4628	-62.7708
90.7	59.1857	-69.3171
90.8	52.254	-75.2356
90.9	44.7304	-80.461
91	36.6843	-84.9341
91.1	28.1909	-88.6025
91.2	19.3306	-91.4216
91.3	10.1885	-93.3547
91.4	0.853025	-94.3735
91.5	-8.58432	-94.4588
91.6	-18.0302	-93.6004
91.7	-27.3902	-91.7974
91.8	-36.57	-89.0583
91.9	-45.4758	-85.4013
92	-54.0159	-80.8537
92.1	-62.1013	-75.4522
92.2	-69.6465	-69.242
92.3	-76.5707	-62.2774
92.4	-82.7985	-54.6203
92.5	-88.2605	-46.3404
92.6	-92.8945	-37.5144
92.7	-96.646	-28.2249
92.8	-99.4685	-18.5603
92.9	-101.325	-8.6135
93	-102.186	1.51896
93.1	-102.034	11.7375
93.2	-100.86	21.9409
93.3	-98.6661	32.027
93.4	-95.4634	41.8936
93.5	-91.2741	51.4399
93.6	-86.1301	60.5673
93.7	-80.0733	69.1803
93.8	-73.1553	77.1877
93.9	-65.4365	84.5032
94	-56.9862	91.0469
94.1	-47.8815	96.7455
94.2	-38.207	101.534
94.3	-28.0536	105.354
94.4	-17.5182	108.16
94.5	-6.70223	109.912
94.6	4.28892	110.582
94.7	15.3471	110.153
94.8	26.3624	108.618
94.9	37.2242	105.982
95	47.8224	102.259
95.1	58.0483	97.4772
95.2	67.7961	91.6724
95.3	76.9633	84.8928
95.4	85.4526	77.1965
95.5	93.1722	68.6512
95.6	100.037	59.334
95.7	105.971	49.3303
95.8	110.904	38.7332
95.9	114.777	27.6428
96	117.541	16.1651
96.1	119.158	4.41096
96.2	119.599	-7.50483
96.3	118.848	-19.4647
96.4	116.902	-31.3496
96.5	113.767	-43.0398
96.6	109.463	-54.4165
96.7	104.021	-65.3628
96.8	97.4852	-75.7649
96.9	89.9087	-85.5134
97	81.3573	-94.5043
97.1	71.9069	-102.64
97.2	61.6429	-109.831
97.3	50.6598	-115.995
97.4	39.0603	-121.061
97.5	26.9542	-124.967
97.6	14.4575	-127.662
97.7	1.69126	-129.108
97.8	-11.2196	-129.277
97.9	-24.1473	-128.155
98	-36.9628	-125.741
98.1	-49.5369	-122.044
98.2	-61.7413	-117.091
98.3	-73.4504	-110.917
98.4	-84.5421	-103.571
98.5	-94.8992	-95.1173
98.6	-104.411	-85.6274
98.7	-112.974	-75.1863
98.8	-120.492	-63.8889
98.9	-126.881	-51.8397
99	-132.065	-39.1516
99.1	-135.98	-25.945
99.2	-138.575	-12.347
99.3	-139.81	1.51047
99.4	-139.658	15.4914
99.5	-138.109	29.4573
99.6	-135.164	43.2682
99.7	-130.837	56.7846
99.8	-125.158	69.8682
99.9	-118.172	82.3841
100	-109.933	94.2012
100.1	-100.513	105.195
100.2	-89.9935	115.246
100.3	-78.4689	124.245
100.4	-66.0444	132.092
100.5	-52.8352	138.697
100.6	-38.9656	143.98
100.7	-24.5676	147.877
100.8	-9.7799	150.333
100.9	5.25344	151.311
101	20.3846	150.786
101.1	35.4632	148.748
101.2	50.3379	145.201
101.3	64.858	140.167
101.4	78.8748	133.682
101.5	92.243	125.794
101.6	104.822	116.57
101.7	116.479	106.088
101.8	127.088	94.4397
101.9	136.532	81.7309
102	144.705	68.0777
102.1	151.513	53.6071
102.2	156.874	38.4558
102.3	160.719	22.7685
102.4	162.996	6.69656
102.5	163.666	-9.60305
102.6	162.705	-25.9696
102.7	160.108	-42.2402
102.8	155.884	-58.251
102.9	150.059	-73.8395
103	142.675	-88.8454
103.1	133.791	-103.113
103.2	123.48	-116.492
103.3	111.83	-128.84
103.4	98.9464	-140.023
103.5	84.9441	-149.918
103.6	69.9523	-158.412
103.7	54.1111	-165.407
103.8	37.5704	-170.818
103.9	20.4885	-174.575
104	3.03099	-176.624
104.1	-14.6314	-176.927
104.2	-32.3242	-175.464
104.3	-49.8706	-172.232
104.4	-67.0938	-167.245
104.5	-83.8183	-160.535
104.6	-99.8718	-152.154
104.7	-115.087	-142.166
104.8	-129.304	-130.658
104.9	-142.37	-117.727
105	-154.142	-103.49
105.1	-164.491	-88.0761
105.2	-173.299	-71.627
105.3	-180.462	-54.2971
105.4	-185.891	-36.2509
105.5	-189.516	-17.6618
105.6	-191.283	1.28986
105.7	-191.154	20.4181
105.8	-189.112	39.5335
105.9	-185.158	58.4447
106	-179.314	76.9605
106.1	-171.618	94.8919
106.2	-162.129	112.054
106.3	-150.923	128.267
106.4	-138.097	143.359
106.5	-123.761	157.169
106.6	-108.044	169.545
106.7	-91.0895	180.349
106.8	-73.0546	189.458
106.9	-54.1088	196.763
107	-34.4324	202.174
107.1	-14.215	205.618
107.2	6.34675	207.039
107.3	27.0507	206.404
107.4	47.6911	203.699
107.5	68.061	198.93
107.6	87.9541	192.124
107.7	107.166	183.329
107.8	125.499	172.612
107.9	142.761	160.062
108	158.767	145.786
108.1	173.345	129.909
108.2	186.336	112.575
108.3	197.594	93.9413
108.4	206.988	74.1819
108.5	214.406	53.4831
108.6	219.754	32.0425
108.7	222.959	10.067
108.8	223.965	-12.2289
108.9	222.743	-34.6254
109	219.28	-56.8996
109.1	213.59	-78.8276
109.2	205.707	-100.187
109.3	195.689	-120.757
109.4	183.613	-140.326
109.5	169.58	-158.688
109.6	153.711	-175.646
109.7	136.147	-191.017
109.8	117.045	-204.631
109.9	96.5821	-216.336
110	74.9485	-225.994
110.1	52.3491	-233.489
110.2	29.0002	-238.724
110.3	5.12783	-241.624
110.4	-19.0346	-242.137
110.5	-43.2482	-240.233
110.6	-67.2715	-235.908
110.7	-90.8624	-229.181
110.8	-113.781	-220.095
110.9	-135.79	-208.717
111	-156.662	-195.138
111.1	-176.175	-179.472
111.2	-194.123	-161.854
111.3	-210.308	-142.442
111.4	-224.552	-121.411
111.5	-236.693	-98.9559
111.6	-246.589	-75.2866
111.7	-254.118	-50.6277
111.8	-259.18	-25.2159
111.9	-261.702	0.702131
112	-261.632	26.8723
112.1	-258.945	53.0355
112.2	-253.641	78.93
112.3	-245.748	104.294
112.4	-235.319	128.869
112.5	-222.432	152.401
112.6	-207.192	174.644
112.7	-189.727	195.363
112.8	-170.191	214.336
112.9	-148.757	231.355
113	-125.622	246.231
113.1	-100.999	258.793
113.2	-75.1195	268.893
113.3	-48.2303	276.405
113.4	-20.5898	281.228
113.5	7.53296	283.287
113.6	35.8616	282.533
113.7	64.115	278.947
113.8	92.0097	272.536
113.9	119.263	263.335
114	145.597	251.408
114.1	170.738	236.849
114.2	194.422	219.775
114.3	216.4	200.333
114.4	236.433	178.693
114.5	254.302	155.049
114.6	269.807	129.619
114.7	282.769	102.638
114.8	293.033	74.3615
114.9	300.469	45.0582
115	304.975	15.0112
115.1	306.476	-15.4863
115.2	304.928	-46.1339
115.3	300.314	-76.6267
115.4	292.652	-106.658
115.5	281.986	-135.923
115.6	268.393	-164.122
115.7	251.981	-190.961
115.8	232.885	-216.159
115.9	211.269	-239.448
116	187.324	-260.575
116.1	161.267	-279.307
116.2	133.336	-295.434
116.3	103.793	-308.768
116.4	72.9161	-319.147
116.5	41.0014	-326.438
116.6	8.35759	-330.539
116.7	-24.6963	-331.374
116.8	-57.8337	-328.905
116.9	-90.7242	-323.121
117	-123.036	-314.049
117.1	-154.441	-301.745
117.2	-184.616	-286.301
117.3	-213.246	-267.84
117.4	-240.03	-246.515
117.5	-264.681	-222.512
117.6	-286.932	-196.044
117.7	-306.537	-167.351
117.8	-323.272	-136.697
117.9	-336.942	-104.37
118	-347.379	-70.6756
118.1	-354.446	-35.9377
118.2	-358.04	-0.493116
118.3	-358.089	35.3109
118.4	-354.558	71.1198
118.5	-347.446	106.576
118.6	-336.789	141.32
118.7	-322.657	174.999
118.8	-305.157	207.265
118.9	-284.43	237.78
119	-260.652	266.223
119.1	-234.03	292.289
119.2	-204.801	315.692
119.3	-173.232	336.172
119.4	-139.615	353.495
119.5	-104.265	367.456
119.6	-67.5195	377.883
119.7	-29.7312	384.635
119.8	8.73229	387.608
119.9	47.4931	386.735
120	86.1666	381.985
120.1	124.365	373.369
120.2	161.702	360.932
120.3	197.795	344.762
120.4	232.271	324.983
120.5	264.77	301.755
120.6	294.945	275.278
120.7	322.473	245.784
120.8	347.051	213.537
120.9	368.405	178.831
121	386.288	141.991
121.1	400.487	103.362
121.2	410.824	63.3134
121.3	417.155	22.231
121.4	419.378	-19.4844
121.5	417.43	-61.4223
121.6	411.287	-103.165
121.7	400.971	-144.294
121.8	386.541	-184.391
121.9	368.102	-223.045
122	345.798	-259.855
122.1	319.812	-294.435
122.2	290.369	-326.416
122.3	257.727	-355.453
122.4	222.182	-381.226
122.5	184.059	-403.444
122.6	143.715	-421.85
122.7	101.53	-436.222
122.8	57.9076	-446.375
122.9	13.2701	-452.165
123	-31.9464	-453.492
123.1	-77.2956	-450.298
123.2	-122.325	-442.568
123.3	-166.582	-430.336
123.4	-209.616	-413.677
123.5	-250.983	-392.716
123.6	-290.255	-367.617
123.7	-327.017	-338.592
123.8	-360.876	-305.89
123.9	-391.465	-269.803
124	-418.445	-230.656
124.1	-441.511	-188.812
124.2	-460.392	-144.661
124.3	-474.858	-98.6213
124.4	-484.72	-51.1355
124.5	-489.834	-2.66348
124.6	-490.1	46.3199
124.7	-485.468	95.3299
124.8	-475.935	143.877
124.9	-461.548	191.47
125	-442.4	237.625
125.1	-418.638	281.865
125.2	-390.451	323.729
125.3	-358.079	362.774
125.4	-321.801	398.582
125.5	-281.943	430.762
125.6	-238.867	458.956
125.7	-192.971	482.843
125.8	-144.687	502.14
125.9	-94.4729	516.609
126	-42.812	526.056
126.1	9.7936	530.337
126.2	62.8273	529.358
126.3	115.763	523.075
126.4	168.071	511.499
126.5	219.221	494.692
126.6	268.69	472.77
126.7	315.967	445.901
126.8	360.557	414.304
126.9	401.987	378.248
127	439.812	338.05
127.1	473.617	294.069
127.2	503.024	246.707
127.3	527.694	196.404
127.4	547.335	143.635
127.5	561.698	88.9015
127.6	570.589	32.7316
127.7	573.862	-24.3272
127.8	571.429	-81.7134
127.9	563.258	-138.856
128	549.372	-195.182
128.1	529.854	-250.119
128.2	504.842	-303.105
128.3	474.531	-353.589
128.4	439.173	-401.042
128.5	399.068	-444.959
128.6	354.572	-484.866
128.7	306.086	-520.323
128.8	254.054	-550.932
128.9	198.96	-576.337
129	141.327	-596.233
129.1	81.7033	-610.366
129.2	20.6667	-618.536
129.3	-41.187	-620.603
129.4	-103.247	-616.484
129.5	-164.896	-606.16
129.6	-225.512	-589.67
129.7	-284.479	-567.119
129.8	-341.191	-538.671
129.9	-395.058	-504.552
130	-445.513	-465.046
130.1	-492.017	-420.495
130.2	-534.067	-371.293
130.3	-571.196	-317.886
130.4	-602.985	-260.767
130.5	-629.062	-200.468
130.6	-649.108	-137.562
130.7	-662.865	-72.6513
130.8	-670.13	-6.36486
130.9	-670.766	60.6481
131	-664.701	127.725
131.1	-651.929	194.195
131.2	-632.509	259.388
131.3	-606.571	322.639
131.4	-574.307	383.296
131.5	-535.977	440.726
131.6	-491.905	494.324
131.7	-442.472	543.515
131.8	-388.121	587.762
131.9	-329.344	626.574
132	-266.687	659.508
132.1	-200.736	686.177
132.2	-132.119	706.251
132.3	-61.4935	719.463
132.4	10.4528	725.612
132.5	83.0139	724.567
132.6	155.471	716.265
132.7	227.097	700.718
132.8	297.169	678.008
132.9	364.97	648.292
133	429.799	611.795
133.1	490.978	568.815
133.2	547.86	519.717
133.3	599.832	464.931
133.4	646.325	404.948
133.5	686.819	340.315
133.6	720.851	271.633
133.7	748.014	199.548
133.8	767.969	124.747
133.9	780.444	47.9499
134	785.239	-30.0945
134.1	782.229	-108.618
134.2	771.367	-186.841
134.3	752.683	-263.978
134.4	726.286	-339.246
134.5	692.361	-411.875
134.6	651.173	-481.111
134.7	603.062	-546.228
134.8	548.439	-606.535
134.9	487.786	-661.379
135	421.648	-710.157
135.1	350.632	-752.322
135.2	275.4	-787.385
135.3	196.662	-814.925
135.4	115.169	-834.591
135.5	31.71	-846.108
135.6	-52.9008	-849.279
135.7	-137.829	-843.989
135.8	-222.228	-830.206
135.9	-305.248	-807.984
136	-386.047	-777.459
136.1	-463.793	-738.854
136.2	-537.678	-692.475
136.3	-606.925	-638.707
136.4	-670.796	-578.015
136.5	-728.598	-510.935
136.6	-779.691	-438.075
136.7	-823.499	-360.106
136.8	-859.509	-277.756
136.9	-887.285	-191.805
137	-906.465	-103.077
137.1	-916.773	-12.4302
137.2	-918.016	79.2471
137.3	-910.091	171.049
137.4	-892.986	262.058
137.5	-866.781	351.356
137.6	-831.645	438.034
137.7	-787.842	521.199
137.8	-735.722	599.983
137.9	-675.723	673.555
138	-608.368	741.128
138.1	-534.255	801.964
138.2	-454.059	855.39
138.3	-368.52	900.796
138.4	-278.44	937.648
138.5	-184.675	965.492
138.6	-88.1261	983.959
138.7	10.2698	992.772
138.8	109.547	991.745
138.9	208.722	980.79
139	306.801	959.918
139.1	402.792	929.238
139.2	495.716	888.959
139.3	584.612	839.387
139.4	668.551	780.926
139.5	746.643	714.071
139.6	818.05	639.407
139.7	881.991	557.602
139.8	937.751	469.402
139.9	984.691	375.627
140	1022.25	277.158
140.1	1049.97	174.933
140.2	1067.46	69.9357
140.3	1074.46	-36.8106
140.4	1070.78	-144.256
140.5	1056.35	-251.334
140.6	1031.22	-356.969
140.7	995.52	-460.091
140.8	949.511	-559.643
140.9	893.547	-654.594
141	828.087	-743.948
141.1	753.692	-826.757
141.2	671.017	-902.126
141.3	580.804	-969.228
141.4	483.881	-1027.31
141.5	381.15	-1075.7
141.6	273.581	-1113.81
141.7	162.2	-1141.17
141.8	48.0827	-1157.39
141.9	-67.6563	-1162.2
142	-183.876	-1155.43
142.1	-299.419	-1137.04
142.2	-413.124	-1107.1
142.3	-523.834	-1065.79
142.4	-630.413	-1013.41
142.5	-731.754	-950.366
142.6	-826.79	-877.19
142.7	-914.509	-794.511
142.8	-993.96	-703.06
142.9	-1064.27	-603.664
143	-1124.63	-497.238
143.1	-1174.36	-384.774
143.2	-1212.83	-267.339
143.3	-1239.57	-146.055
143.4	-1254.17	-22.0984
143.5	-1256.38	103.319
143.6	-1246.05	228.957
143.7	-1223.16	353.562
143.8	-1187.8	475.878
143.9	-1140.21	594.658
144	-1080.75	708.679
144.1	-1009.88	816.754
144.2	-928.203	917.741
144.3	-836.428	1010.56
144.4	-735.372	1094.2
144.5	-625.952	1167.74
144.6	-509.178	1230.34
144.7	-386.144	1281.25
144.8	-258.018	1319.87
144.9	-126.032	1345.67
145	8.53557	1358.27
145.1	144.363	1357.42
145.2	280.105	1342.98
145.3	414.403	1314.97
145.4	545.901	1273.53
145.5	673.254	1218.94
145.6	795.149	1151.62
145.7	910.31	1072.1
145.8	1017.52	981.072
145.9	1115.63	879.32
146	1203.56	767.757
146.1	1280.34	647.401
146.2	1345.08	519.368
146.3	1397.01	384.86
146.4	1435.5	245.159
146.5	1460.01	101.609
146.6	1470.18	-44.3924
146.7	1465.74	-191.41
146.8	1446.59	-337.984
146.9	1412.8	-482.643
147	1364.53	-623.923
147.1	1302.14	-760.376
147.2	1226.1	-890.59
147.3	1137.04	-1013.2
147.4	1035.72	-1126.9
147.5	923.033	-1230.48
147.6	799.985	-1322.78
147.7	667.707	-1402.78
147.8	527.429	-1469.55
147.9	380.474	-1522.29
148	228.245	-1560.34
148.1	72.2112	-1583.16
148.2	-86.1052	-1590.39
148.3	-245.144	-1581.77
148.4	-403.321	-1557.26
148.5	-559.047	-1516.93
148.6	-710.74	-1461.02
148.7	-856.842	-1389.95
148.8	-995.837	-1304.27
148.9	-1126.26	-1204.68
149	-1246.73	-1092.06
149.1	-1355.94	-967.382
149.2	-1452.68	-831.788
149.3	-1535.85	-686.521
149.4	-1604.51	-532.935
149.5	-1657.8	-372.485
149.6	-1695.05	-206.705
149.7	-1715.72	-37.1996
149.8	-1719.44	134.372
149.9	-1706	306.316
150	-1675.37	476.916
150.1	-1627.68	644.453
150.2	-1563.23	807.221
150.3	-1482.51	963.545
150.4	-1386.16	1111.8
150.5	-1274.98	1250.41
150.6	-1149.94	1377.91
150.7	-1012.15	1492.9
150.8	-862.855	1594.12
150.9	-703.443	1680.4
151	-535.403	1750.75
151.1	-360.328	1804.29
151.2	-179.899	1840.32
151.3	4.1326	1858.31
151.4	189.964	1857.9
151.5	375.753	1838.9
151.6	559.643	1801.33
151.7	739.776	1745.36
151.8	914.312	1671.38
151.9	1081.45	1579.95
152	1239.45	1471.81
152.1	1386.63	1347.86
152.2	1521.41	1209.2
152.3	1642.33	1057.06
152.4	1748.04	892.825
152.5	1837.32	718.022
152.6	1909.12	534.289
152.7	1962.55	343.377
152.8	1996.89	147.122
152.9	2011.6	-52.567
153	2006.35	-253.727
153.1	1980.97	-454.362
153.2	1935.54	-652.459
153.3	1870.29	-846.013
153.4	1785.69	-1033.04
153.5	1682.38	-1211.61
153.6	1561.22	-1379.85
153.7	1423.24	-1535.97
153.8	1269.64	-1678.3
153.9	1101.81	-1805.26
154	921.286	-1915.44
154.1	729.742	-2007.57
154.2	528.985	-2080.54
154.3	320.931	-2133.44
154.4	107.587	-2165.54
154.5	-108.967	-2176.29
154.6	-326.596	-2165.4
154.7	-543.136	-2132.74
154.8	-756.41	-2078.42
154.9	-964.252	-2002.78
155	-1164.53	-1906.36
155.1	-1355.17	-1789.9
155.2	-1534.16	-1654.39
155.3	-1699.6	-1500.97
155.4	-1849.69	-1331.01
155.5	-1982.79	-1146.04
155.6	-2097.4	-947.764
155.7	-2192.17	-738.025
155.8	-2265.98	-518.807
155.9	-2317.86	-292.209
156	-2347.08	-60.4236
156.1	-2353.12	174.284
156.2	-2335.69	409.596
156.3	-2294.73	643.166
156.4	-2230.42	872.639
156.5	-2143.15	1095.68
156.6	-2033.58	1310
156.7	-1902.58	1513.35
156.8	-1751.25	1703.61
156.9	-1580.89	1878.74
157	-1393.01	2036.83
157.1	-1189.33	2176.13
157.2	-971.719	2295.06
157.3	-742.213	2392.23
157.4	-502.99	2466.45
157.5	-256.344	2516.75
157.6	-4.66873	2542.39
157.7	249.57	2542.85
157.8	503.856	2517.9
157.9	755.645	2467.51
158	1002.4	2391.95
158.1	1241.59	2291.71
158.2	1470.76	2167.55
158.3	1687.52	2020.47
158.4	1889.56	1851.72
158.5	2074.74	1662.76
158.6	2241.01	1455.29
158.7	2386.54	1231.19
158.8	2509.66	992.535
158.9	2608.91	741.569
159	2683.07	480.678
159.1	2731.14	212.371
159.2	2752.38	-60.7431
159.3	2746.3	-335.981
159.4	2712.7	-610.611
159.5	2651.64	-881.881
159.6	2563.45	-1147.05
159.7	2448.75	-1403.39
159.8	2308.41	-1648.27
159.9	2143.58	-1879.11
160	1955.67	-2093.47
160.1	1746.33	-2289.03
160.2	1517.42	-2463.67
160.3	1271.06	-2615.41
160.4	1009.52	-2742.51
160.5	735.265	-2843.47
160.6	450.918	-2916.99
160.7	159.219	-2962.08
160.8	-136.989	-2978.01
160.9	-434.79	-2964.31
161	-731.22	-2920.83
161.1	-1023.3	-2847.71
161.2	-1308.07	-2745.38
161.3	-1582.61	-2614.57
161.4	-1844.07	-2456.31
161.5	-2089.7	-2271.9
161.6	-2316.89	-2062.93
161.7	-2523.18	-1831.24
161.8	-2706.31	-1578.92
161.9	-2864.2	-1308.29
162	-2995.03	-1021.87
162.1	-3097.21	-722.37
162.2	-3169.45	-412.649
162.3	-3210.72	-95.7034
162.4	-3220.29	225.368
162.5	-3197.75	547.397
162.6	-3143.01	867.172
162.7	-3056.29	1181.47
162.8	-2938.15	1487.1
162.9	-2789.44	1780.92
163	-2611.34	2059.86
163.1	-2405.36	2320.99
163.2	-2173.26	2561.53
163.3	-1917.11	2778.86
163.4	-1639.22	2970.57
163.5	-1342.16	3134.49
163.6	-1028.71	3268.71
163.7	-701.844	3371.58
163.8	-364.686	3441.76
163.9	-20.5098	3478.23
164	327.313	3480.28
164.1	675.341	3447.55
164.2	1020.1	3380.02
164.3	1358.1	3278.01
164.4	1685.9	3142.2
164.5	2000.12	2973.61
164.6	2297.48	2773.59
164.7	2574.84	2543.85
164.8	2829.22	2286.36
164.9	3057.86	2003.44
165	3258.2	1697.65
165.1	3427.97	1371.83
165.2	3565.15	1029.04
165.3	3668.06	672.522
165.4	3735.31	305.717
165.5	3765.88	-67.8141
165.6	3759.1	-444.402
165.7	3714.66	-820.312
165.8	3632.63	-1191.78
165.9	3513.45	-1555.04
166	3357.94	-1906.39
166.1	3167.31	-2242.18
166.2	2943.09	-2558.91
166.3	2687.2	-2853.22
166.4	2401.88	-3121.94
166.5	2089.68	-3362.13
166.6	1753.47	-3571.09
166.7	1396.36	-3746.44
166.8	1021.72	-3886.08
166.9	633.108	-3988.25
167	234.283	-4051.56
167.1	-170.873	-4074.99
167.2	-578.372	-4057.9
167.3	-984.162	-4000.06
167.4	-1384.17	-3901.65
167.5	-1774.33	-3763.23
167.6	-2150.66	-3585.8
167.7	-2509.24	-3370.73
167.8	-2846.31	-3119.81
167.9	-3158.29	-2835.18
168	-3441.81	-2519.35
168.1	-3693.74	-2175.17
168.2	-3911.26	-1805.79
168.3	-4091.84	-1414.67
168.4	-4233.3	-1005.48
168.5	-4333.85	-582.153
168.6	-4392.07	-148.767
168.7	-4406.95	290.44
168.8	-4377.9	731.134
168.9	-4304.79	1168.92
169	-4187.9	1599.4
169.1	-4027.96	2018.19
169.2	-3826.14	2420.99
169.3	-3584.04	2803.6
169.4	-3303.68	3162.01
169.5	-2987.48	3492.37
169.6	-2638.24	3791.12
169.7	-2259.13	4054.94
169.8	-1853.63	4280.86
169.9	-1425.55	4466.22
170	-978.925	4608.78
170.1	-518.047	4706.67
170.2	-47.3805	4758.47
170.3	428.467	4763.21
170.4	904.788	4720.36
170.5	1376.82	4629.89
170.6	1839.81	4492.2
170.7	2289.03	4308.22
170.8	2719.86	4079.32
170.9	3127.79	3807.33
171	3508.52	3494.55
171.1	3857.98	3143.7
171.2	4172.35	2757.9
171.3	4448.14	2340.67
171.4	4682.2	1895.86
171.5	4871.79	1427.64
171.6	5014.55	940.457
171.7	5108.6	439.002
171.8	5152.5	-71.8581
171.9	5145.31	-587.108
172	5086.6	-1101.64
172.1	4976.44	-1610.3
172.2	4815.41	-2107.94
172.3	4604.61	-2589.48
172.4	4345.67	-3049.95
172.5	4040.67	-3484.51
172.6	3692.22	-3888.58
172.7	3303.36	-4257.8
172.8	2877.58	-4588.14
172.9	2418.77	-4875.89
173	1931.18	-5117.77
173.1	1419.4	-5310.89
173.2	888.312	-5452.83
173.3	343.029	-5541.66
173.4	-211.137	-5575.96
173.5	-768.733	-5554.85
173.6	-1324.22	-5477.98
173.7	-1872.02	-5345.55
173.8	-2406.57	-5158.35
173.9	-2922.41	-4917.7
174	-3414.18	-4625.46
174.1	-3876.72	-4284.04
174.2	-4305.13	-3896.37
174.3	-4694.76	-3465.85
174.4	-5041.35	-2996.38
174.5	-5340.99	-2492.24
174.6	-5590.21	-1958.14
174.7	-5786.02	-1399.12
174.8	-5925.94	-820.52
174.9	-6007.99	-227.927
175	-6030.78	372.872
175.1	-5993.49	975.95
175.2	-5895.9	1575.3
175.3	-5738.37	2164.89
175.4	-5521.88	2738.73
175.5	-5248.01	3290.91
175.6	-4918.92	3815.72
175.7	-4537.34	4307.61
175.8	-4106.58	4761.34
175.9	-3630.45	5172
176	-3113.25	5535.04
176.1	-2559.74	5846.37
176.2	-1975.11	6102.34
176.3	-1364.87	6299.85
176.4	-734.888	6436.34
176.5	-91.254	6509.83
176.6	559.729	6518.96
176.7	1211.62	6462.98
176.8	1857.92	6341.82
176.9	2492.11	6156.03
177	3107.71	5906.82
177.1	3698.39	5596.05
177.2	4257.99	5226.21
177.3	4780.62	4800.41
177.4	5260.66	4322.35
177.5	5692.89	3796.28
177.6	6072.52	3226.99
177.7	6395.22	2619.74
177.8	6657.19	1980.22
177.9	6855.21	1314.5
178	6986.66	628.978
178.1	7049.56	-69.6883
178.2	7042.59	-774.645
178.3	6965.13	-1478.9
178.4	6817.24	-2175.42
178.5	6599.7	-2857.14
178.6	6313.98	-3517.11
178.7	5962.27	-4148.51
178.8	5547.42	-4744.74
178.9	5072.95	-5299.48
179	4543	-5806.77
179.1	3962.32	-6261.07
179.2	3336.21	-6657.3
179.3	2670.48	-6990.93
179.4	1971.39	-7257.97
179.5	1245.59	-7455.11
179.6	500.083	-7579.67
179.7	-257.884	-7629.68
179.8	-1020.85	-7603.89
179.9	-1781.24	-7501.81
180	-2531.42	-7323.68
180.1	-3263.79	-7070.54
180.2	-3970.84	-6744.16
180.3	-4645.26	-6347.08
180.4	-5279.97	-5882.55
180.5	-5868.22	-5354.55
180.6	-6403.68	-4767.73
180.7	-6880.45	-4127.36
180.8	-7293.19	-3439.32
180.9	-7637.12	-2710
181	-7908.12	-1946.29
181.1	-8102.75	-1155.48
181.2	-8218.3	-345.201
181.3	-8252.82	476.629
181.4	-8205.15	1301.91
181.5	-8074.96	2122.43
181.6	-7862.72	2929.92
181.7	-7569.73	3716.19
181.8	-7198.11	4473.17
181.9	-6750.79	5192.98
182	-6231.49	5868.06
182.1	-5644.69	6491.21
182.2	-4995.57	7055.68
182.3	-4290	7555.23
182.4	-3534.48	7984.23
182.5	-2736.05	8337.68
182.6	-1902.29	8611.29
182.7	-1041.16	8801.51
182.8	-161.006	8905.63
182.9	729.557	8921.73
183	1621.73	8848.78
183.1	2506.61	8686.6
183.2	3375.27	8435.94
183.3	4218.86	8098.41
183.4	5028.7	7676.53
183.5	5796.36	7173.66
183.6	6513.72	6594.02
183.7	7173.12	5942.65
183.8	7767.39	5225.34
183.9	8289.92	4448.6
184	8734.78	3619.61
184.1	9096.74	2746.13
184.2	9371.36	1836.45
184.3	9555	899.318
184.4	9644.93	-56.182
184.5	9639.32	-1020.68
184.6	9537.25	-1984.61
184.7	9338.79	-2938.33
184.8	9044.95	-3872.21
184.9	8657.73	-4776.71
185	8180.06	-5642.48
185.1	7615.81	-6460.49
185.2	6969.77	-7222.07
185.3	6247.56	-7919.04
185.4	5455.66	-8543.8
185.5	4601.28	-9089.37
185.6	3692.34	-9549.49
185.7	2737.39	-9918.73
185.8	1745.52	-10192.5
185.9	726.27	-10367
186	-310.431	-10439.6
186.1	-1354.4	-10408.6
186.2	-2395.26	-10273.2
186.3	-3422.57	-10033.6
186.4	-4425.94	-9691.38
186.5	-5395.07	-9248.79
186.6	-6319.95	-8709.28
186.7	-7190.88	-8077.28
186.8	-7998.61	-7358.19
186.9	-8734.43	-6558.33
187	-9390.26	-5684.89
187.1	-9958.75	-4745.86
187.2	-10433.3	-3749.99
187.3	-10808.3	-2706.66
187.4	-11079	-1625.82
187.5	-11241.6	-517.923
187.6	-11293.4	606.236
187.7	-11232.8	1735.57
187.8	-11059.2	2858.85
187.9	-10773.3	3964.77
188	-10376.8	5042.1
188.1	-9872.62	6079.78
188.2	-9264.64	7067.04
188.3	-8557.94	7993.51
188.4	-7758.59	8849.3
188.5	-6873.66	9625.16
188.6	-5911.14	10312.5
188.7	-4879.89	10903.6
188.8	-3789.53	11391.6
188.9	-2650.36	11770.6
189	-1473.3	12035.6
189.1	-269.742	12183
189.2	948.553	12209.9
189.3	2169.55	12115.1
189.4	3381.05	11898.1
189.5	4570.86	11560
189.6	5726.86	11102.9
189.7	6837.16	10530.2
189.8	7890.18	9846.52
189.9	8874.83	9057.5
190	9780.58	8170.02
190.1	10597.6	7191.96
190.2	11316.8	6132.2
190.3	11930	5000.53
190.4	12430.1	3807.52
190.5	12810.8	2564.52
190.6	13067.3	1283.44
190.7	13195.6	-23.2871
190.8	13193.3	-1342.85
190.9	13059	-2662.17
191	12792.8	-3968.07
191.1	12396	-5247.35
191.2	11871.2	-6486.95
191.3	11222.5	-7674.07
191.4	10455.1	-8796.32
191.5	9575.5	-9841.84
191.6	8591.31	-10799.4
191.7	7511.37	-11658.5
191.8	6345.52	-12409.7
191.9	5104.56	-13044.2
192	3800.14	-13554.7
192.1	2444.67	-13934.7
192.2	1051.2	-14179.1
192.3	-366.713	-14284.3
192.4	-1795.14	-14247.6
192.5	-3219.9	-14068.1
192.6	-4626.71	-13746.1
192.7	-6001.31	-13283.4
192.8	-7329.66	-12683.3
192.9	-8597.98	-11950.3
193	-9793.02	-11090.5
193.1	-10902.1	-10111.2
193.2	-11913.2	-9021.01
193.3	-12815.3	-7829.69
193.4	-13598.3	-6548.16
193.5	-14253.1	-5188.34
193.6	-14771.9	-3763.03
193.7	-15148.2	-2285.84
193.8	-15376.8	-771.018
193.9	-15453.9	766.662
194	-15377.2	2312.05
194.1	-15146	3849.78
194.2	-14761.1	5364.38
194.3	-14224.6	6840.48
194.4	-13540.6	8262.95
194.5	-12714.3	9617
194.6	-11752.6	10888.4
194.7	-10663.7	12063.7
194.8	-9457.36	13130.1
194.9	-8144.35	14075.8
195	-6736.77	14890.2
195.1	-5247.75	15563.9
195.2	-3691.36	16088.7
195.3	-2082.49	16457.8
195.4	-436.71	16666.1
195.5	1229.9	16709.7
195.6	2900.87	16586.7
195.7	4559.55	16296.7
195.8	6189.21	15840.7
195.9	7773.28	15221.8
196	9295.46	14444.5
196.1	10739.9	13514.9
196.2	12091.4	12440.9
196.3	13335.5	11231.8
196.4	14458.7	9898.23
196.5	15448.5	8452.37
196.6	16293.7	6907.52
196.7	16984.5	5278.14
196.8	17512.3	3579.7
196.9	17870.3	1828.47
197	18053.1	41.4399
197.1	18057.3	-1763.87
197.2	17880.9	-3569.6
197.3	17523.9	-5357.68
197.4	16988.1	-7110.07
197.5	16277.1	-8808.89
197.6	15396.2	-10436.6
197.7	14352.6	-11976.2
197.8	13155	-13411.5
197.9	11813.8	-14727
198	10341.1	-15908.4
198.1	8750.28	-16942.5
198.2	7056.03	-17817.5
198.3	5274.28	-18523.1
198.4	3421.97	-19050.5
198.5	1516.92	-19392.7
198.6	-422.356	-19544.4
198.7	-2376.8	-19502.2
198.8	-4327.02	-19264.5
198.9	-6253.47	-18831.8
199	-8136.65	-18206.5
199.1	-9957.29	-17392.8
199.2	-11696.6	-16397.1
199.3	-13336.3	-15227.4
199.4	-14859	-13893.8
199.5	-16248.4	-12407.9
199.6	-17489.2	-10783
199.7	-18567.5	-9034.12
199.8	-19470.9	-7177.37
199.9	-20188.6	-5230.28
200	-20711.7	-3211.42
200.1	-21032.8	-1140.25
200.2	-21146.8	963.031
200.3	-21050.5	3077.71
200.4	-20742.8	5182.77
200.5	-20224.5	7257.04
200.6	-19498.8	9279.49
200.7	-18570.8	11229.4
200.8	-17447.9	13086.5
200.9	-16139.2	14831.2
201	-14656.1	16445.2
201.1	-13011.6	17910.8
201.2	-11220.5	19211.9
201.3	-9299.33	20334
201.4	-7265.93	21263.9
201.5	-5139.54	21990.5
201.6	-2940.49	22504.5
201.7	-690.043	22798.5
201.8	1589.81	22867.5
201.9	3876.56	22708.5
202	6147.42	22320.9
202.1	8379.5	21706.1
202.2	10550.1	20868.2
202.3	12636.9	19813.2
202.4	14618.3	18549.5
202.5	16473.2	17087.7
202.6	18182	15440.3
202.7	19726	13622.1
202.8	21088.2	11649.5
202.9	22253.2	9540.72
203	23207.2	7315.4
203.1	23938.8	4994.68
203.2	24438.3	2600.8
203.3	24698.3	156.976
203.4	24714	-2312.86
203.5	24482.7	-4784.26
203.6	24004.3	-7232.54
203.7	23281.1	-9632.97
203.8	22317.8	-11961.1
203.9	21121.7	-14192.9
204	19702.4	-16305
204.1	18071.9	-18275.3
204.2	16244.4	-20082.4
204.3	14236.1	-21706.9
204.4	12065.4	-23130.5
204.5	9752.37	-24337
204.6	7318.67	-25312.3
204.7	4787.44	-26044.1
204.8	2183.03	-26522.9
204.9	-469.262	-26741.2
205	-3143.38	-26694.3
205.1	-5812.81	-26379.9
205.2	-8450.8	-25798.6
205.3	-11030.7	-24953.6
205.4	-13526	-23850.5
205.5	-15911.1	-22497.9
205.6	-18160.9	-20906.8
205.7	-20251.5	-19090.7
205.8	-22160.6	-17065.5
205.9	-23867.2	-14849.5
206	-25352.1	-12462.8
206.1	-26598.4	-9927.56
206.2	-27591.1	-7267.72
206.3	-28317.9	-4508.61
206.4	-28768.8	-1676.81
206.5	-28936.5	1200.06
206.6	-28816.4	4093.71
206.7	-28407.1	6975.35
206.8	-27709.5	9816.06
206.9	-26727.9	12587
207	-25469.2	15259.8
207.1	-23943.3	17806.7
207.2	-22162.6	20201.1
207.3	-20142.5	22417.3
207.4	-17900.7	24431.6
207.5	-15457.6	26221.6
207.6	-12835.4	27767.4
207.7	-10058.7	29050.9
207.8	-7153.59	30056.8
207.9	-4147.91	30772.2
208	-1070.69	31187
208.1	2048	31294
208.2	5177.4	31089.2
208.3	8286.33	30571.5
208.4	11343.5	29742.8
208.5	14317.8	28608.5
208.6	17178.6	27176.7
208.7	19896.3	25458.9
208.8	22442.2	23469.2
208.9	24789.1	21225
209	26911.6	18746.1
209.1	28786.2	16055
209.2	30391.7	13176.3
209.3	31709.3	10137.2
209.4	32723	6966.23
209.5	33419.7	3693.92
209.6	33789.1	351.954
209.7	33824.3	-3026.95
209.8	33521.6	-6409.38
209.9	32880.6	-9761.53
210	31904.5	-13049.6
210.1	30599.5	-16240
210.2	28975.5	-19300
210.3	27045.5	-22197.5
210.4	24825.8	-24902.1
210.5	22335.5	-27384.7
210.6	19597.1	-29618.2
210.7	16635.3	-31577.9
210.8	13477.5	-33241.5
210.9	10153.3	-34589.2
211	6694.39	-35604.5
211.1	3133.94	-36274
211.2	-493.457	-36587.4
211.3	-4152.19	-36538
211.4	-7806	-36122.8
211.5	-11418.3	-35342.2
211.6	-14952.5	-34200.4
211.7	-18372.5	-32705.1
211.8	-21643	-30867.9
211.9	-24729.8	-28703.6
212	-27600.2	-26230.6
212.1	-30223.3	-23470.6
212.2	-32570.3	-20448.2
212.3	-34615.1	-17191.2
212.4	-36334.3	-13729.7
212.5	-37707.2	-10096.3
212.6	-38716.9	-6325.55
212.7	-39349.4	-2453.87
212.8	-39594.8	1481.08
212.9	-39446.7	5440.55
213	-38902.6	9385.22
213.1	-37964.1	13275.5
213.2	-36636.6	17071.9
213.3	-34929.4	20735.6
213.4	-32855.8	24228.5
213.5	-30433	27514.1
213.6	-27681.6	30557.4
213.7	-24625.8	33325.5
213.8	-21293.3	35788.1
213.9	-17714.5	37917.4
214	-13922.7	39688.9
214.1	-9953.83	41081.2
214.2	-5845.71	42076.5
214.3	-1638.06	42661.1
214.4	2628.05	42824.9
214.5	6910.54	42562.1
214.6	11166.8	41871.1
214.7	15353.9	40754.4
214.8	19429.3	39219
214.9	23351.2	37276.1
215	27078.8	34940.9
215.1	30572.9	32233.1
215.2	33796.2	29175.8
215.3	36713.8	25796.2
215.4	39293.4	22124.8
215.5	41505.9	18195.4
215.6	43325.4	14044.8
215.7	44729.9	9712.31
215.8	45701.1	5239.32
215.9	46225.1	669.203
216	46292	-3953.3
216.1	45896.7	-8582.5
216.2	45038.4	-13172.2
216.3	43721.2	-17676
216.4	41953.6	-22048.1
216.5	39748.8	-26243.5
216.6	37124.4	-30218.4
216.7	34102.6	-33930.8
216.8	30709.5	-37341.1
216.9	26975.4	-40412
217	22934.2	-43109.6
217.1	18623.2	-45403
217.2	14082.9	-47265.3
217.3	9356.42	-48673.6
217.4	4489.06	-49609.2
217.5	-471.866	-50058.1
217.6	-5477.68	-50011
217.7	-10478.8	-49463.2
217.8	-15425.1	-48415.3
217.9	-20266.6	-46872.8
218	-24953.9	-44846.1
218.1	-29438.5	-42350.7
218.2	-33673.6	-39406.9
218.3	-37614.3	-36039.5
218.4	-41218.2	-32278.1
218.5	-44446	-28156.3
218.6	-47261.7	-23711.7
218.7	-49632.8	-18985.5
218.8	-51531.4	-14022.2
218.9	-52933.6	-8869.09
219	-53820.5	-3575.73
219.1	-54178.1	1806.33
219.2	-53997.5	7224.14
219.3	-53275	12623.9
219.4	-52012.7	17951.4
219.5	-50217.5	23152.7
219.6	-47902.3	28174.4
219.7	-45084.8	32964.6
219.8	-41788.4	37473.1
219.9	-38041	41651.9
220	-33875.8	45456.1
220.1	-29330.2	48843.6
220.2	-24445.9	51776.7
220.3	-19268.2	54221.2
220.4	-13846.1	56148.1
220.5	-8231.28	57532.7
220.6	-2478.01	58355.8
220.7	3357.57	58603.6
220.8	9217.93	58267.9
220.9	15044.7	57346.1
221	20779.3	55841.6
221.1	26363.5	53763.7
221.2	31739.8	51127.3
221.3	36852.6	47953.3
221.4	41647.9	44268.1
221.5	46074.7	40103.3
221.6	50085	35495.8
221.7	53634.6	30487.3
221.8	56683.4	25123.8
221.9	59195.7	19455.5
222	61141.3	13535.9
222.1	62494.9	7421.8
222.2	63237.1	1172.31
222.3	63354.3	-5151.39
222.4	62839.1	-11486.8
222.5	61690.5	-17770.7
222.6	59913.4	-23939.8
222.7	57519.4	-29931.1
222.8	54526.3	-35683.1
222.9	50958	-41135.7
223	46844.4	-46231.5
223.1	42221.3	-50915.9
223.2	37129.7	-55138.1
223.3	31615.9	-58851
223.4	25730.8	-62012.6
223.5	19529.5	-64585.7
223.6	13070.9	-66538.7
223.7	6417.08	-67845.7
223.8	-367.498	-68487.5
223.9	-7216.24	-68450.7
224	-14061.3	-67729.1
224.1	-20834.2	-66322.9
224.2	-27466.5	-64239.5
224.3	-33890.5	-61492.9
224.4	-40039.8	-58103.8
224.5	-45850.1	-54099.9
224.6	-51260.1	-49514.8
224.7	-56211.6	-44388.8
224.8	-60650.5	-38767.7
224.9	-64527.3	-32702.6
225	-67797.5	-26249.9
225.1	-70422.5	-19470.1
225.2	-72369.5	-12427.9
225.3	-73612.3	-5190.93
225.4	-74131.4	2170.3
225.5	-73914.4	9583.44
225.6	-72956	16974.9
225.7	-71258.5	24270.5
225.8	-68831.5	31396.3
225.9	-65691.9	38279.5
226	-61863.9	44848.7
226.1	-57379	51035.1
226.2	-52275.5	56773
226.3	-46598.2	62000.5
226.4	-40398.2	66660.3
226.5	-33732.2	70700.2
226.6	-26662.1	74073.4
226.7	-19254.8	76739.6
226.8	-11580.8	78665.1
226.9	-3714.34	79823.2
227	4267.98	80194.6
227.1	12287.4	79767.8
227.2	20264.2	78539
227.3	28118.1	76512.6
227.4	35769.4	73700.8
227.5	43139.5	70123.9
227.6	50151.9	65809.9
227.7	56732.8	60794.7
227.8	62812.3	55121.5
227.9	68324.5	48840.2
228	73208.5	42007.8
228.1	77409.3	34686.9
228.2	80878	26946
228.3	83572.6	18858.2
228.4	85458.4	10501
228.5	86508.5	1955.12
228.6	86704	-6695.73
228.7	86034.4	-15366.1
228.8	84497.8	-23969.6
228.9	82100.8	-32419.4
229	78858.9	-40629.4
229.1	74796	-48515.3
229.2	69944.4	-55994.9
229.3	64344.9	-62989.4
229.4	58046	-69423.9
229.5	51103.6	-75228.5
229.6	43580.8	-80338.8
229.7	35546.9	-84696.9
229.8	27077.2	-88251.6
229.9	18252	-90959.3
230	9156.11	-92784.5
230.1	-122.342	-93700.1
230.2	-9492.35	-93687.9
230.3	-18861.1	-92738.7
230.4	-28135	-90852.5
230.5	-37220.3	-88039
230.6	-46024.2	-84317
230.7	-54455.9	-79714.6
230.8	-62427.3	-74269
230.9	-69854.2	-68026.3
231	-76656.9	-61040.9
231.1	-82760.9	-53375.2
231.2	-88098.5	-45099.1
231.3	-92608.4	-36289.2
231.4	-96237.3	-27028.4
231.5	-98940.1	-17404.7
231.6	-100681	-7510.65
231.7	-101432	2557.41
231.8	-101176	12700.6
231.9	-99905.9	22818.2
232	-97624	32808.8
232.1	-94343.2	42571.2
232.2	-90086.1	52005.5
232.3	-84885.5	61014.1
232.4	-78784.1	69502.6
232.5	-71833.8	77381
232.6	-64095.7	84564.4
232.7	-55639.3	90974
232.8	-46541.9	96537.9
232.9	-36888.1	101192
233	-26768.9	104881
233.1	-16280.8	107558
233.2	-5525.01	109186
233.3	5393.58	109738
233.4	16367.4	109199
233.5	27287.3	107562
233.6	38043.5	104834
233.7	48526.9	101029
233.8	58629.8	96176.5
233.9	68247.5	90313.5
234	77278.8	83488.8
234.1	85627.7	75760.9
234.2	93203.8	67198.1
234.3	99923.6	57877.8
234.4	105711	47885.4
234.5	110500	37314.3
234.6	114231	26264.3
234.7	116858	14841.1
234.8	118342	3155.34
234.9	118657	-8678.84
235	117790	-20544.6
235.1	115735	-32323.5
235.2	112503	-43897
235.3	108113	-55147.3
235.4	102598	-65958.6
235.5	96002.4	-76218.5
235.6	88380.6	-85818.7
235.7	79798.7	-94656.8
235.8	70333	-102637
235.9	60069.4	-109670
236	49102.4	-115677
236.1	37534.7	-120587
236.2	25476	-124341
236.3	13041.9	-126888
236.4	353.111	-128192
236.5	-12466.1	-128228
236.6	-25288.9	-126981
236.7	-37987	-124452
236.8	-50432.2	-120653
236.9	-62497.6	-115610
237	-74058.6	-109360
237.1	-84994.6	-101955
237.2	-95190.1	-93455.2
237.3	-104536	-83936.2
237.4	-112929	-73482.6
237.5	-120277	-62189.7
237.6	-126496	-50161.9
237.7	-131513	-37512.3
237.8	-135264	-24361
237.9	-137700	-10834.6
238	-138783	2935.37
238.1	-138490	16813.7
238.2	-136809	30662.7
238.3	-133742	44343.6
238.4	-129308	57717.8
238.5	-123536	70648.6
238.6	-116471	83002.2
238.7	-108171	94649.3
238.8	-98706.1	105466
238.9	-88159.5	115337
239	-76625.8	124153
239.1	-64210.5	131816
239.2	-51028.9	138237
239.3	-37205.3	143340
239.4	-22871.3	147060
239.5	-8165.31	149347
239.6	6769.41	150164
239.7	21785.8	149487
239.8	36734.5	147308
239.9	51465.3	143635
240	65828.7	138488
240.1	79677.6	131905
240.2	92868.1	123938
240.3	105262	114651
240.4	116727	104125
240.5	127139	92451.9
240.6	136385	79737.9
240.7	144358	66099.5
240.8	150968	51663.7
240.9	156135	36566.8
241	159791	20953.3
241.1	161887	4974.21
241.2	162384	-11214.5
241.3	161263	-27452.9
241.4	158517	-43579.1
241.5	154159	-59430.9
241.6	148216	-74846.8
241.7	140732	-89668.5
241.8	131765	-103742
241.9	121391	-116918
242	109699	-129057
242.1	96793.2	-140027
242.2	82790.5	-149706
242.3	67819.8	-157985
242.4	52021.3	-164767
242.5	35544.5	-169970
242.6	18547.6	-173524
242.7	1195.18	-175379
242.8	-16342.7	-175498
242.9	-33892.5	-173864
243	-51278.9	-170475
243.1	-68326.4	-165347
243.2	-84861.1	-158514
243.3	-100713	-150028
243.4	-115715	-139957
243.5	-129711	-128385
243.6	-142550	-115414
243.7	-154091	-101159
243.8	-164207	-85750.2
243.9	-172782	-69329.5
244	-179715	-52051.3
244.1	-184920	-34079.8
244.2	-188328	-15587.8
244.3	-189887	3244.98
244.4	-189562	22233.7
244.5	-187339	41189.9
244.6	-183220	59923.8
244.7	-177228	78245.8
244.8	-169403	95968.5
244.9	-159806	112909
245	-148515	128889
245.1	-135626	143741
245.2	-121252	157304
245.3	-105522	169429
245.4	-88578.9	179981
245.5	-70580.8	188839
245.6	-51697	195897
245.7	-32107.3	201067
245.8	-12000.6	204277
245.9	8427.14	205477
246	28974.9	204635
246.1	49438.4	201737
246.2	69612.1	196793
246.3	89291.4	189832
246.4	108275	180903
246.5	126365	170076
246.6	143372	157439
246.7	159116	143102
246.8	173427	127190
246.9	186146	109848
247	197130	91233
247.1	206254	71519.9
247.2	213406	50894.6
247.3	218495	29554
247.4	221451	7704.5
247.5	222221	-14440.6
247.6	220777	-36662.6
247.7	217111	-58740.3
247.8	211237	-80451.4
247.9	203191	-101575
248	193034	-121894
248.1	180845	-141198
248.2	166725	-159282
248.3	150797	-175955
248.4	133201	-191034
248.5	114098	-204354
248.6	93662.3	-215764
248.7	72085.9	-225130
248.8	49572.8	-232339
248.9	26338.9	-237296
249	2609.33	-239930
249.1	-21383.7	-240191
249.2	-45402.8	-238053
249.3	-69208	-233512
249.4	-92559.3	-226592
249.5	-115218	-217336
249.6	-136952	-205814
249.7	-157533	-192119
249.8	-176745	-176365
249.9	-194382	-158691
250	-210251	-139253
250.1	-224176	-118227
250.2	-235999	-95809.9
250.3	-245580	-72210
250.4	-252801	-47652
250.5	-257566	-22371.9
250.6	-259803	3384.7
250.7	-259465	29365
250.8	-256528	55311.5
250.9	-250997	80964.3
251	-242901	106064
251.1	-232294	130354
251.2	-219259	153584
251.3	-203900	175509
251.4	-186350	195899
251.5	-166760	214534
251.6	-145306	231210
251.7	-122185	245741
251.8	-97611	257959
251.9	-71815.1	267721
252	-45043	274902
252.1	-17552.8	279406
252.2	10387.8	281162
252.3	38504	280123
252.4	66516.3	276273
252.5	94143.5	269621
252.6	121106	260207
252.7	147126	248096
252.8	171936	233383
252.9	195274	216190
253	216893	196662
253.1	236559	174973
253.2	254057	151317
253.3	269188	125911
253.4	281780	98992.6
253.5	291679	70814.6
253.6	298760	41646.7
253.7	302925	11770.7
253.8	304102	-18521.8
253.9	302250	-48932
254	297357	-79157
254.1	289441	-108893
254.2	278552	-137837
254.3	264768	-165692
254.4	248199	-192169
254.5	228982	-216989
254.6	207283	-239887
254.7	183294	-260615
254.8	157233	-278945
254.9	129338	-294668
255	99871.6	-307602
255.1	69111.5	-317589
255.2	37352.6	-324500
255.3	4902.6	-328235
255.4	-27920.9	-328725
255.5	-60793.5	-325933
255.6	-93386.8	-319854
255.7	-125372	-310515
255.8	-156424	-297978
255.9	-186222	-282336
256	-214455	-263714
256.1	-240827	-242268
256.2	-265053	-218185
256.3	-286872	-191680
256.4	-306040	-162993
256.5	-322339	-132389
256.6	-335578	-100155
256.7	-345594	-66597.2
256.8	-352253	-32037.9
256.9	-355457	3187.46
257	-355138	38733.2
257.1	-351265	74247
257.2	-343840	109374
257.3	-332903	143758
257.4	-318527	177048
257.5	-300822	208901
257.6	-279932	238983
257.7	-256034	266976
257.8	-229336	292579
257.9	-200079	315513
258	-168527	335521
258.1	-134975	352374
258.2	-99737.8	365871
258.3	-63150.7	375845
258.4	-25566.2	382160
258.5	12649.8	384717
258.6	51121.5	383452
258.7	89466.7	378340
258.8	127301	369393
258.9	164240	356663
259	199906	340239
259.1	233930	320248
259.2	265955	296855
259.3	295640	270260
259.4	322666	240696
259.5	346736	208429
259.6	367579	173755
259.7	384954	136998
259.8	398654	98502.1
259.9	408504	58636.7
260	414368	17786.2
260.1	416147	-23650.6
260.2	413782	-65265.2
260.3	407255	-106643
260.4	396591	-147369
260.5	381854	-187028
260.6	363151	-225213
260.7	340630	-261528
260.8	314477	-295591
260.9	284918	-327039
261	252214	-355531
261.1	216661	-380752
261.2	178585	-402418
261.3	138344	-420277
261.4	96316	-434111
261.5	52904.8	-443743
261.6	8530.56	-449033
261.7	-36372.8	-449886
261.8	-81361.4	-446249
261.9	-125986	-438113
262	-169798	-425514
262.1	-212349	-408535
262.2	-253202	-387300
262.3	-291932	-361979
262.4	-328130	-332786
262.5	-361409	-299973
262.6	-391406	-263832
262.7	-417790	-224692
262.8	-440259	-182913
262.9	-458550	-138887
263	-472439	-93031.8
263.1	-481742	-45787.9
263.2	-486321	2386.29
263.3	-486082	51018.3
263.4	-480980	99626.5
263.5	-471017	147725
263.6	-456245	194826
263.7	-436762	240451
263.8	-412717	284127
263.9	-384305	325399
264	-351765	363829
264.1	-315382	399006
264.2	-275481	430544
264.3	-232427	458092
264.4	-186618	481335
264.5	-138484	499996
264.6	-88484.5	513845
264.7	-37100	522693
264.8	15169.3	526403
264.9	67809.6	524886
265	120298	518105
265.1	172109	506076
265.2	222716	488865
265.3	271603	466593
265.4	318262	439433
265.5	362205	407607
265.6	402966	371386
265.7	440105	331089
265.8	473214	287079
265.9	501922	239758
266	525897	189565
266.1	544854	136976
266.2	558551	82490.3
266.3	566800	26635.2
266.4	569464	-30044.9
266.5	566460	-86991.3
266.6	557760	-143637
266.7	543397	-199413
266.8	523455	-253753
266.9	498080	-306098
267	467470	-355906
267.1	431880	-402653
267.2	391614	-445841
267.3	347030	-485003
267.4	298530	-519706
267.5	246559	-549559
267.6	191603	-574215
267.7	134182	-593375
267.8	74844.3	-606793
267.9	14165	-614278
268	-47262.8	-615694
268.1	-108832	-610968
268.2	-169929	-600085
268.3	-229937	-583092
268.4	-288247	-560098
268.5	-344256	-531273
268.6	-397384	-496848
268.7	-447069	-457109
268.8	-492779	-412403
268.9	-534020	-363125
269	-570332	-309723
269.1	-601304	-252689
269.2	-626573	-192559
269.3	-645829	-129902
269.4	-658819	-65318.7
269.5	-665351	563.274
269.6	-665295	67098.4
269.7	-658585	133628
269.8	-645222	199486
269.9	-625274	264009
270	-598873	326536
270.1	-566219	386423
270.2	-527577	443045
270.3	-483272	495803
270.4	-433692	544130
270.5	-379279	587499
270.6	-320529	625427
270.7	-257986	657480
270.8	-192238	683279
270.9	-123911	702503
271	-53660.2	714894
271.1	17829.1	720260
271.2	89855.1	718477
271.3	161703	709491
271.4	232652	693321
271.5	301984	670056
271.6	368990	639857
271.7	432975	602958
271.8	493271	559661
271.9	549237	510334
272	600271	455410
272.1	645812	395383
272.2	685350	330802
272.3	718430	262267
272.4	744657	190424
272.5	763699	115958
272.6	775295	39588.2
272.7	779254	-37941.3
272.8	775460	-115867
272.9	763873	-193413
273	744532	-269800
273.1	717552	-344253
273.2	683127	-416008
273.3	641526	-484321
273.4	593094	-548474
273.5	538246	-607783
273.6	477468	-661608
273.7	411307	-709354
273.8	340372	-750485
273.9	265323	-784522
274	186871	-811055
274.1	105766	-829742
274.2	22791.4	-840318
274.3	-61240.4	-842597
274.4	-145500	-836473
274.5	-229147	-821923
274.6	-311340	-799009
274.7	-391241	-767875
274.8	-468028	-728751
274.9	-540903	-681948
275	-609098	-627857
275.1	-671884	-566948
275.2	-728578	-499759
275.3	-778554	-426901
275.4	-821244	-349046
275.5	-856149	-266922
275.6	-882841	-181307
275.7	-900972	-93022.5
275.8	-910274	-2925.28
275.9	-910567	88102.1
276	-901756	179159
276.1	-883841	269334
276.2	-856907	357718
276.3	-821135	443409
276.4	-776794	525523
276.5	-724242	603202
276.6	-663922	675626
276.7	-596359	742019
276.8	-522157	801654
276.9	-441992	853870
277	-356605	898069
277.1	-266798	933730
277.2	-173425	960410
277.3	-77384	977752
277.4	20391.2	985491
277.5	118940	983451
277.6	217285	971557
277.7	314441	949829
277.8	409424	918385
277.9	501263	877442
278	589007	827316
278.1	671738	768415
278.2	748580	701242
278.3	818704	626384
278.4	881342	544513
278.5	935794	456379
278.6	981432	362800
278.7	1.01771e+06	264656
278.8	1.04418e+06	162885
278.9	1.06047e+06	58467.5
279	1.06631e+06	-47579.1
279.1	1.06155e+06	-154210
279.2	1.04613e+06	-260366
279.3	1.0201e+06	-364979
279.4	983599	-466989
279.5	936900	-565349
279.6	880365	-659039
279.7	814461	-747075
279.8	739754	-828521
279.9	656902	-902497
280	566652	-968187
280.1	469833	-1.02485e+06
280.2	367348	-1.07184e+06
280.3	260165	-1.10857e+06
280.4	149308	-1.13459e+06
280.5	35848.9	-1.14952e+06
280.6	-79102.9	-1.1531e+06
280.7	-194413	-1.14519e+06
280.8	-308932	-1.12575e+06
280.9	-421507	-1.09486e+06
281	-530993	-1.05271e+06
281.1	-636264	-999608
281.2	-736225	-935981
281.3	-829823	-862359
281.4	-916059	-779377
281.5	-993996	-687771
281.6	-1.06277e+06	-588371
281.7	-1.12161e+06	-482094
281.8	-1.16982e+06	-369933
281.9	-1.20681e+06	-252951
282	-1.23211e+06	-132269
282.1	-1.24534e+06	-9058.5
282.2	-1.24624e+06	115475
282.3	-1.23469e+06	240099
282.4	-1.21068e+06	363568
282.5	-1.17433e+06	484637
282.6	-1.12586e+06	602069
282.7	-1.06566e+06	714656
282.8	-994190	821221
282.9	-912068	920640
283	-820004	1.01185e+06
283.1	-718820	1.09385e+06
283.2	-609435	1.16573e+06
283.3	-492862	1.22667e+06
283.4	-370195	1.27596e+06
283.5	-242599	1.31298e+06
283.6	-111301	1.33724e+06
283.7	22423.1	1.34837e+06
283.8	157260	1.34613e+06
283.9	291873	1.3304e+06
284	424913	1.30121e+06
284.1	555034	1.25872e+06
284.2	680906	1.20322e+06
284.3	801228	1.13513e+06
284.4	914741	1.05501e+06
284.5	1.02024e+06	963531
284.6	1.11659e+06	861507
284.7	1.20275e+06	749847
284.8	1.27773e+06	629573
284.9	1.34069e+06	501800
285	1.39087e+06	367731
285.1	1.42764e+06	228644
285.2	1.4505e+06	85880.4
285.3	1.45909e+06	-59170
285.4	1.45318e+06	-205079
285.5	1.43267e+06	-350397
285.6	1.39763e+06	-493664
285.7	1.34826e+06	-633426
285.8	1.28492e+06	-768253
285.9	1.20809e+06	-896745
286	1.11842e+06	-1.01755e+06
286.1	1.01666e+06	-1.1294e+06
286.2	903724	-1.23106e+06
286.3	780618	-1.32143e+06
286.4	648475	-1.3995e+06
286.5	508525	-1.46434e+06
286.6	362091	-1.5152e+06
286.7	210571	-1.55141e+06
286.8	55430.4	-1.57246e+06
286.9	-101816	-1.57801e+06
287	-259616	-1.56782e+06
287.1	-416399	-1.54186e+06
287.2	-570585	-1.50022e+06
287.3	-720607	-1.44316e+06
287.4	-864924	-1.3711e+06
287.5	-1.00203e+06	-1.28461e+06
287.6	-1.1305e+06	-1.18441e+06
287.7	-1.24894e+06	-1.07136e+06
287.8	-1.35607e+06	-946464
287.9	-1.45072e+06	-810857
288	-1.5318e+06	-665785
288.1	-1.59838e+06	-512605
288.2	-1.64964e+06	-352767
288.3	-1.68492e+06	-187803
288.4	-1.7037e+06	-19310.6
288.5	-1.70563e+06	151059
288.6	-1.69053e+06	321622
288.7	-1.65836e+06	490675
288.8	-1.6093e+06	656511
288.9	-1.54364e+06	817441
289	-1.4619e+06	971805
289.1	-1.36472e+06	1.118e+06
289.2	-1.25292e+06	1.25447e+06
289.3	-1.12747e+06	1.37976e+06
289.4	-989497	1.49251e+06
289.5	-840247	1.59146e+06
289.6	-681101	1.67548e+06
289.7	-513553	1.74359e+06
289.8	-339194	1.79495e+06
289.9	-159699	1.82887e+06
290	23187.3	1.84484e+06
290.1	207671	1.84252e+06
290.2	391923	1.82175e+06
290.3	574098	1.78256e+06
290.4	752353	1.72515e+06
290.5	924868	1.64991e+06
290.6	1.08986e+06	1.55743e+06
290.7	1.2456e+06	1.44844e+06
290.8	1.39045e+06	1.32388e+06
290.9	1.52283e+06	1.18483e+06
291	1.64132e+06	1.03255e+06
291.1	1.74457e+06	868420
291.2	1.83141e+06	693963
291.3	1.90081e+06	510821
291.4	1.95189e+06	320740
291.5	1.98397e+06	125551
291.6	1.99652e+06	-72845.9
291.7	1.98924e+06	-272498
291.8	1.96199e+06	-471422
291.9	1.91485e+06	-667621
292	1.84808e+06	-859105
292.1	1.76217e+06	-1.04391e+06
292.2	1.65778e+06	-1.22013e+06
292.3	1.53577e+06	-1.38591e+06
292.4	1.39718e+06	-1.53949e+06
292.5	1.24323e+06	-1.6792e+06
292.6	1.07531e+06	-1.80353e+06
292.7	894956	-1.91106e+06
292.8	703850	-2.00055e+06
292.9	503795	-2.07094e+06
293	296701	-2.12132e+06
293.1	84569.5	-2.15099e+06
293.2	-130529	-2.15944e+06
293.3	-346474	-2.14639e+06
293.4	-561113	-2.11174e+06
293.5	-772287	-2.05563e+06
293.6	-977851	-1.9784e+06
293.7	-1.17569e+06	-1.88062e+06
293.8	-1.36375e+06	-1.76305e+06
293.9	-1.54006e+06	-1.62667e+06
294	-1.70273e+06	-1.47267e+06
294.1	-1.84999e+06	-1.3024e+06
294.2	-1.98023e+06	-1.1174e+06
294.3	-2.09197e+06	-919374
294.4	-2.18391e+06	-710177
294.5	-2.25493e+06	-491786
294.6	-2.30411e+06	-266293
294.7	-2.33073e+06	-35882.7
294.8	-2.33432e+06	197191
294.9	-2.3146e+06	430623
295	-2.27154e+06	662083
295.1	-2.20533e+06	889238
295.2	-2.11641e+06	1.10977e+06
295.3	-2.00543e+06	1.32141e+06
295.4	-1.87329e+06	1.52196e+06
295.5	-1.7211e+06	1.70928e+06
295.6	-1.55017e+06	1.88139e+06
295.7	-1.36203e+06	2.03641e+06
295.8	-1.15839e+06	2.17261e+06
295.9	-941125	2.28845e+06
296	-712280	2.38256e+06
296.1	-474024	2.45379e+06
296.2	-228645	2.50119e+06
296.3	21474.9	2.52406e+06
296.4	273881	2.52191e+06
296.5	526072	2.49452e+06
296.6	775524	2.44192e+06
296.7	1.01972e+06	2.36436e+06
296.8	1.25615e+06	2.26239e+06
296.9	1.48239e+06	2.13678e+06
297	1.69607e+06	1.98854e+06
297.1	1.89492e+06	1.81893e+06
297.2	2.07682e+06	1.62944e+06
297.3	2.23976e+06	1.42176e+06
297.4	2.38194e+06	1.19778e+06
297.5	2.50171e+06	959587
297.6	2.59767e+06	709416
297.7	2.66861e+06	449649
297.8	2.71358e+06	182787
297.9	2.73186e+06	-88570.5
298	2.723e+06	-361756
298.1	2.68683e+06	-634056
298.2	2.62342e+06	-902739
298.3	2.53315e+06	-1.16508e+06
298.4	2.41664e+06	-1.4184e+06
298.5	2.2748e+06	-1.66006e+06
298.6	2.10879e+06	-1.88754e+06
298.7	1.92004e+06	-2.09842e+06
298.8	1.7102e+06	-2.29042e+06
298.9	1.48115e+06	-2.46144e+06
299	1.23501e+06	-2.60956e+06
299.1	974054	-2.73306e+06
299.2	700749	-2.83046e+06
299.3	417702	-2.90054e+06
299.4	127648	-2.94231e+06
299.5	-166583	-2.95507e+06
299.6	-462090	-2.93842e+06
299.7	-755931	-2.89221e+06
299.8	-1.04515e+06	-2.81661e+06
299.9	-1.32681e+06	-2.7121e+06
300	-1.59802e+06	-2.57942e+06
300.1	-1.85596e+06	-2.41961e+06
300.2	-2.09793e+06	-2.23402e+06
300.3	-2.32133e+06	-2.02423e+06
300.4	-2.52375e+06	-1.79209e+06
300.5	-2.70296e+06	-1.53972e+06
300.6	-2.85693e+06	-1.26942e+06
300.7	-2.98387e+06	-983728
300.8	-3.08225e+06	-685341
300.9	-3.15078e+06	-377116
301	-3.18849e+06	-62038.1
301.1	-3.1947e+06	256811
301.2	-3.16901e+06	576281
301.3	-3.11139e+06	893182
301.4	-3.02207e+06	1.20432e+06
301.5	-2.90164e+06	1.50653e+06
301.6	-2.75098e+06	1.79669e+06
301.7	-2.57131e+06	2.07179e+06
301.8	-2.36414e+06	2.32892e+06
301.9	-2.13124e+06	2.56533e+06
302	-1.87471e+06	2.77846e+06
302.1	-1.59686e+06	2.96593e+06
302.2	-1.30027e+06	3.12562e+06
302.3	-987709	3.25564e+06
302.4	-662145	3.35441e+06
302.5	-326704	3.42063e+06
302.6	15359.3	3.4533e+06
302.7	360689	3.45176e+06
302.8	705866	3.41569e+06
302.9	1.04744e+06	3.34511e+06
303	1.38195e+06	3.24036e+06
303.1	1.70598e+06	3.10217e+06
303.2	2.0162e+06	2.93157e+06
303.3	2.30936e+06	2.72995e+06
303.4	2.58235e+06	2.49902e+06
303.5	2.83225e+06	2.24078e+06
303.6	3.05633e+06	1.95756e+06
303.7	3.25209e+06	1.65192e+06
303.8	3.41728e+06	1.32671e+06
303.9	3.54995e+06	984986
304	3.64845e+06	629991
304.1	3.71145e+06	265146
304.2	3.73796e+06	-105999
304.3	3.72736e+06	-479795
304.4	3.67938e+06	-852531
304.5	3.59413e+06	-1.22047e+06
304.6	3.47208e+06	-1.57988e+06
304.7	3.31409e+06	-1.92709e+06
304.8	3.12139e+06	-2.2585e+06
304.9	2.89554e+06	-2.57064e+06
305	2.63847e+06	-2.86019e+06
305.1	2.35245e+06	-3.12404e+06
305.2	2.04005e+06	-3.35929e+06
305.3	1.70412e+06	-3.56329e+06
305.4	1.34779e+06	-3.7337e+06
305.5	974421	-3.86848e+06
305.6	587573	-3.96592e+06
305.7	190980	-4.02468e+06
305.8	-211488	-4.04378e+06
305.9	-615866	-4.02263e+06
306	-1.01813e+06	-3.96104e+06
306.1	-1.41423e+06	-3.85923e+06
306.2	-1.80016e+06	-3.71781e+06
306.3	-2.17194e+06	-3.53779e+06
306.4	-2.52572e+06	-3.3206e+06
306.5	-2.85778e+06	-3.06803e+06
306.6	-3.16458e+06	-2.78225e+06
306.7	-3.4428e+06	-2.46579e+06
306.8	-3.68938e+06	-2.12151e+06
306.9	-3.90153e+06	-1.75257e+06
307	-4.07679e+06	-1.36242e+06
307.1	-4.21303e+06	-954740
307.2	-4.30851e+06	-533437
307.3	-4.36185e+06	-102586
307.4	-4.37211e+06	333599
307.5	-4.33875e+06	770810
307.6	-4.26167e+06	1.20468e+06
307.7	-4.1412e+06	1.63085e+06
307.8	-3.97811e+06	2.04497e+06
307.9	-3.77362e+06	2.44278e+06
308	-3.52934e+06	2.82014e+06
308.1	-3.24732e+06	3.17308e+06
308.2	-2.93002e+06	3.49781e+06
308.3	-2.58024e+06	3.79081e+06
308.4	-2.20115e+06	4.04884e+06
308.5	-1.79627e+06	4.26895e+06
308.6	-1.36938e+06	4.44858e+06
308.7	-924518	4.58552e+06
308.8	-465966	4.67797e+06
308.9	1830.74	4.72456e+06
309	474287	4.72438e+06
309.1	946725	4.67695e+06
309.2	1.41442e+06	4.58228e+06
309.3	1.87265e+06	4.44084e+06
309.4	2.31673e+06	4.25357e+06
309.5	2.74209e+06	4.0219e+06
309.6	3.14428e+06	3.74769e+06
309.7	3.51905e+06	3.43326e+06
309.8	3.86238e+06	3.08136e+06
309.9	4.17051e+06	2.69512e+06
310	4.44002e+06	2.27807e+06
310.1	4.66783e+06	1.83407e+06
310.2	4.85124e+06	1.36728e+06
310.3	4.98797e+06	882161
310.4	5.07618e+06	383364
310.5	5.11452e+06	-124254
310.6	5.10209e+06	-635706
310.7	5.03852e+06	-1.14592e+06
310.8	4.92393e+06	-1.64977e+06
310.9	4.75895e+06	-2.14216e+06
311	4.54474e+06	-2.61806e+06
311.1	4.28293e+06	-3.07253e+06
311.2	3.97568e+06	-3.50082e+06
311.3	3.6256e+06	-3.89839e+06
311.4	3.23576e+06	-4.26095e+06
311.5	2.80966e+06	-4.58453e+06
311.6	2.35121e+06	-4.86549e+06
311.7	1.86466e+06	-5.10061e+06
311.8	1.3546e+06	-5.28708e+06
311.9	825892	-5.42254e+06
312	283638	-5.50513e+06
312.1	-266875	-5.53349e+06
312.2	-820224	-5.5068e+06
312.3	-1.3709e+06	-5.42478e+06
312.4	-1.91338e+06	-5.28769e+06
312.5	-2.44215e+06	-5.09635e+06
312.6	-2.95179e+06	-4.85214e+06
312.7	-3.437e+06	-4.55696e+06
312.8	-3.8927e+06	-4.21326e+06
312.9	-4.31402e+06	-3.82399e+06
313	-4.69642e+06	-3.39259e+06
313.1	-5.03568e+06	-2.92294e+06
313.2	-5.32798e+06	-2.41938e+06
313.3	-5.56991e+06	-1.88658e+06
313.4	-5.75857e+06	-1.32959e+06
313.5	-5.89153e+06	-753731
313.6	-5.9669e+06	-164578
313.7	-5.98336e+06	432112
313.8	-5.94015e+06	1.03045e+06
313.9	-5.8371e+06	1.62446e+06
